1.100000
1.098337
1.096653
1.094921
1.093059
1.091158
1.089169
1.087158
1.085106
1.082996
1.080802
1.078541
1.076264
1.073976
1.071657
1.069322
1.066986
1.064609
1.062223
1.059836
1.057438
1.055020
1.052564
1.050099
1.047601
1.045094
1.042559
1.040023
1.037453
1.034875
1.032257
1.029618
1.026967
1.024309
1.021636
1.018946
1.016243
1.013532
1.010804
1.008059
1.005304
1.002528
0.999732
0.996930
0.994090
0.991245
0.988387
0.985524
0.982648
0.979733
0.976818
0.973891
0.970957
0.968003
0.965044
0.962060
0.959053
0.956032
0.953004
0.949960
0.946915
0.943845
0.940755
0.937657
0.934532
0.931388
0.928241
0.925092
0.921919
0.918724
0.915518
0.912273
0.908996
0.905709
0.902416
0.899097
0.895776
0.892453
0.889124
0.885787
0.882432
0.879065
0.875662
0.872221
0.868750
0.865261
0.861740
0.858218
0.854674
0.851120
0.847515
0.843897
0.840258
0.836594
0.832916
0.829170
0.825421
0.821669
0.817877
0.814068
0.810224
0.806364
0.802471
0.798571
0.794642
0.790708
0.786755
0.782766
0.778741
0.774663
0.770548
0.766405
0.762221
0.758004
0.753755
0.749461
0.745135
0.740766
0.736380
0.731959
0.727500
0.722965
0.718424
0.713859
0.709257
0.704648
0.699957
0.695208
0.690399
0.685478
0.680516
0.675527
0.670475
0.665404
0.660282
0.655132
0.649951
0.644731
0.639498
0.634236
0.628907
0.623459
0.617968
0.612403
0.606779
0.601104
0.595374
0.589590
0.583720
0.577697
0.571632
0.565531
0.559296
0.552979
0.546512
0.540028
0.533466
0.526903
0.520295
0.513623
0.506893
0.500026
0.493064
0.486035
0.478893
0.471644
0.464215
0.456636
0.448897
0.441025
0.432943
0.424760
0.416463
0.408126
0.399686
0.391010
0.382202
0.372987
0.363543
0.354065
0.344387
0.334653
0.324818
0.314533
0.304121
0.293619
0.282883
0.271863
0.260731
0.249424
0.237172
0.224735
0.211758
0.198649
0.184774
0.170379
0.155173
0.138422
0.119882
0.100000
