1.100000
1.098765
1.097485
1.096046
1.094551
1.093018
1.091456
1.089831
1.088131
1.086422
1.084648
1.082838
1.081009
1.079164
1.077295
1.075418
1.073519
1.071608
1.069663
1.067676
1.065643
1.063494
1.061285
1.059034
1.056772
1.054486
1.052183
1.049864
1.047519
1.045154
1.042775
1.040393
1.037998
1.035598
1.033176
1.030730
1.028254
1.025759
1.023262
1.020743
1.018212
1.015668
1.013109
1.010536
1.007947
1.005352
1.002736
1.000101
0.997452
0.994783
0.992110
0.989425
0.986739
0.984044
0.981331
0.978586
0.975833
0.973064
0.970278
0.967475
0.964667
0.961854
0.959031
0.956178
0.953314
0.950437
0.947556
0.944643
0.941714
0.938775
0.935823
0.932829
0.929823
0.926796
0.923739
0.920634
0.917514
0.914385
0.911225
0.908052
0.904854
0.901641
0.898419
0.895173
0.891894
0.888571
0.885239
0.881897
0.878531
0.875152
0.871750
0.868306
0.864857
0.861383
0.857908
0.854391
0.850853
0.847298
0.843734
0.840111
0.836462
0.832791
0.829108
0.825401
0.821664
0.817907
0.814099
0.810277
0.806416
0.802539
0.798644
0.794720
0.790739
0.786720
0.782680
0.778600
0.774458
0.770309
0.766093
0.761873
0.757599
0.753254
0.748883
0.744485
0.740073
0.735650
0.731211
0.726701
0.722143
0.717549
0.712865
0.708126
0.703339
0.698537
0.693710
0.688834
0.683930
0.678964
0.673946
0.668826
0.663599
0.658363
0.653077
0.647780
0.642480
0.637043
0.631553
0.626031
0.620459
0.614774
0.609033
0.603280
0.597414
0.591539
0.585606
0.579475
0.573260
0.566923
0.560542
0.554002
0.547265
0.540502
0.533687
0.526705
0.519670
0.512512
0.505240
0.497835
0.490424
0.482593
0.474697
0.466749
0.458581
0.450321
0.441820
0.433277
0.424707
0.415809
0.406832
0.397733
0.388408
0.379044
0.369430
0.359684
0.349760
0.339500
0.329149
0.318376
0.307546
0.296259
0.284958
0.273493
0.261779
0.249604
0.237190
0.224474
0.211692
0.198358
0.184335
0.169693
0.154488
0.138519
0.119952
0.100000
