1.100000
1.097993
1.095970
1.093562
1.091059
1.088486
1.085877
1.083214
1.080534
1.077779
1.074961
1.072063
1.069148
1.066163
1.063173
1.060173
1.057115
1.054045
1.050895
1.047716
1.044534
1.041339
1.038139
1.034912
1.031670
1.028420
1.025147
1.021852
1.018548
1.015190
1.011819
1.008446
1.005049
1.001644
0.998219
0.994734
0.991238
0.987738
0.984199
0.980603
0.976996
0.973372
0.969710
0.966015
0.962310
0.958594
0.954832
0.951051
0.947234
0.943409
0.939555
0.935681
0.931787
0.927856
0.923910
0.919933
0.915945
0.911918
0.907881
0.903805
0.899708
0.895584
0.891447
0.887306
0.883155
0.878983
0.874794
0.870530
0.866236
0.861906
0.857559
0.853185
0.848781
0.844362
0.839896
0.835415
0.830896
0.826349
0.821766
0.817124
0.812456
0.807770
0.803059
0.798326
0.793535
0.788684
0.783814
0.778899
0.773982
0.769021
0.764003
0.758971
0.753906
0.748808
0.743693
0.738548
0.733327
0.728020
0.722696
0.717318
0.711847
0.706331
0.700715
0.695083
0.689374
0.683567
0.677755
0.671880
0.665935
0.659956
0.653929
0.647891
0.641771
0.635634
0.629394
0.623154
0.616700
0.610193
0.603667
0.597068
0.590396
0.583578
0.576693
0.569713
0.562637
0.555481
0.548217
0.540819
0.533377
0.525706
0.518034
0.510310
0.502468
0.494581
0.486622
0.478584
0.470494
0.462290
0.453955
0.445392
0.436588
0.427466
0.418204
0.408735
0.399141
0.389547
0.379795
0.369940
0.359939
0.349606
0.339176
0.328650
0.317932
0.307110
0.296033
0.284766
0.273308
0.261601
0.249497
0.236998
0.224337
0.211364
0.198044
0.183663
0.169101
0.154178
0.138068
0.119901
0.100000
