1.100000
1.097075
1.094029
1.090957
1.087869
1.084698
1.081428
1.078109
1.074675
1.071206
1.067538
1.063844
1.060141
1.056340
1.052342
1.048254
1.044144
1.039991
1.035812
1.031561
1.027303
1.022971
1.018610
1.014165
1.009654
1.005089
1.000460
0.995821
0.991164
0.986493
0.981759
0.976963
0.972143
0.967289
0.962403
0.957380
0.952323
0.947177
0.941992
0.936771
0.931472
0.926145
0.920716
0.915261
0.909680
0.904087
0.898448
0.892736
0.886935
0.881030
0.875055
0.869050
0.862998
0.856939
0.850744
0.844490
0.838198
0.831787
0.825310
0.818782
0.812216
0.805495
0.798685
0.791746
0.784728
0.777555
0.770345
0.763015
0.755504
0.747876
0.740186
0.732467
0.724479
0.716391
0.708286
0.700073
0.691845
0.683356
0.674826
0.666223
0.657545
0.648756
0.639939
0.630820
0.621556
0.612090
0.602346
0.592234
0.581820
0.571171
0.560230
0.549229
0.537975
0.526374
0.514654
0.502851
0.490717
0.478261
0.465744
0.453037
0.439890
0.426678
0.413301
0.399260
0.384789
0.369992
0.354770
0.339446
0.323515
0.307376
0.290561
0.273103
0.254620
0.235418
0.216190
0.196502
0.175471
0.153345
0.127326
0.100000
