1.100000
1.099639
1.099210
1.098696
1.098154
1.097574
1.096988
1.096399
1.095807
1.095200
1.094547
1.093888
1.093208
1.092525
1.091836
1.091140
1.090442
1.089693
1.088936
1.088168
1.087385
1.086600
1.085804
1.085001
1.084191
1.083377
1.082554
1.081730
1.080905
1.080054
1.079200
1.078345
1.077483
1.076610
1.075736
1.074860
1.073983
1.073102
1.072217
1.071329
1.070442
1.069554
1.068659
1.067764
1.066860
1.065952
1.065044
1.064135
1.063223
1.062309
1.061386
1.060457
1.059526
1.058582
1.057637
1.056688
1.055736
1.054782
1.053822
1.052858
1.051892
1.050925
1.049956
1.048986
1.048007
1.047025
1.046042
1.045056
1.044068
1.043078
1.042087
1.041094
1.040099
1.039100
1.038098
1.037094
1.036089
1.035079
1.034069
1.033056
1.032037
1.031015
1.029991
1.028963
1.027931
1.026897
1.025858
1.024818
1.023776
1.022728
1.021671
1.020606
1.019540
1.018471
1.017399
1.016326
1.015246
1.014166
1.013085
1.012004
1.010919
1.009832
1.008744
1.007651
1.006552
1.005452
1.004349
1.003246
1.002139
1.001028
0.999914
0.998798
0.997679
0.996559
0.995437
0.994307
0.993172
0.992033
0.990885
0.989736
0.988587
0.987438
0.986286
0.985131
0.983974
0.982815
0.981650
0.980484
0.979315
0.978143
0.976968
0.975792
0.974611
0.973430
0.972246
0.971061
0.969872
0.968680
0.967483
0.966283
0.965074
0.963863
0.962648
0.961430
0.960211
0.958989
0.957765
0.956540
0.955313
0.954084
0.952852
0.951620
0.950385
0.949148
0.947910
0.946669
0.945426
0.944178
0.942927
0.941675
0.940421
0.939166
0.937908
0.936645
0.935382
0.934116
0.932848
0.931577
0.930306
0.929034
0.927761
0.926483
0.925204
0.923922
0.922637
0.921348
0.920057
0.918764
0.917463
0.916158
0.914847
0.913531
0.912214
0.910896
0.909575
0.908250
0.906924
0.905595
0.904266
0.902931
0.901593
0.900254
0.898913
0.897569
0.896222
0.894873
0.893523
0.892170
0.890816
0.889459
0.888100
0.886741
0.885377
0.884012
0.882645
0.881275
0.879904
0.878528
0.877148
0.875764
0.874378
0.872991
0.871601
0.870207
0.868808
0.867406
0.866001
0.864594
0.863186
0.861775
0.860358
0.858939
0.857518
0.856092
0.854658
0.853219
0.851776
0.850331
0.848884
0.847435
0.845983
0.844529
0.843071
0.841610
0.840143
0.838673
0.837201
0.835727
0.834248
0.832768
0.831287
0.829803
0.828316
0.826825
0.825333
0.823838
0.822340
0.820840
0.819337
0.817832
0.816323
0.814812
0.813297
0.811776
0.810251
0.808723
0.807194
0.805664
0.804132
0.802591
0.801046
0.799497
0.797943
0.796383
0.794820
0.793248
0.791674
0.790100
0.788522
0.786937
0.785350
0.783751
0.782149
0.780544
0.778939
0.777329
0.775719
0.774108
0.772488
0.770867
0.769240
0.767612
0.765978
0.764337
0.762693
0.761046
0.759396
0.757742
0.756077
0.754410
0.752739
0.751066
0.749390
0.747712
0.746028
0.744335
0.742641
0.740938
0.739234
0.737521
0.735805
0.734085
0.732363
0.730639
0.728912
0.727181
0.725438
0.723685
0.721926
0.720166
0.718396
0.716625
0.714849
0.713053
0.711252
0.709440
0.707623
0.705805
0.703980
0.702152
0.700315
0.698470
0.696618
0.694764
0.692895
0.691021
0.689140
0.687255
0.685360
0.683458
0.681555
0.679631
0.677704
0.675761
0.673813
0.671862
0.669909
0.667948
0.665985
0.664020
0.662035
0.660046
0.658051
0.656055
0.654049
0.652037
0.650017
0.647991
0.645954
0.643903
0.641833
0.639759
0.637677
0.635575
0.633473
0.631371
0.629264
0.627148
0.625026
0.622901
0.620769
0.618618
0.616458
0.614286
0.612098
0.609907
0.607688
0.605455
0.603210
0.600961
0.598711
0.596453
0.594193
0.591924
0.589647
0.587325
0.584987
0.582639
0.580286
0.577929
0.575552
0.573167
0.570768
0.568351
0.565929
0.563502
0.561073
0.558631
0.556170
0.553682
0.551177
0.548663
0.546147
0.543602
0.541036
0.538463
0.535875
0.533284
0.530667
0.528045
0.525415
0.522775
0.520107
0.517426
0.514727
0.512025
0.509309
0.506587
0.503837
0.501083
0.498298
0.495467
0.492602
0.489713
0.486821
0.483907
0.480968
0.478021
0.475060
0.472065
0.469056
0.466020
0.462962
0.459880
0.456770
0.453654
0.450529
0.447391
0.444246
0.441083
0.437891
0.434626
0.431342
0.428036
0.424704
0.421345
0.417968
0.414541
0.411112
0.407627
0.404086
0.400522
0.396955
0.393372
0.389776
0.386167
0.382495
0.378799
0.375066
0.371308
0.367494
0.363618
0.359721
0.355768
0.351812
0.347844
0.343822
0.339783
0.335709
0.331614
0.327506
0.323380
0.319235
0.315067
0.310836
0.306540
0.302224
0.297906
0.293537
0.289111
0.284680
0.280191
0.275697
0.271121
0.266514
0.261753
0.256883
0.251979
0.247029
0.242063
0.237041
0.231871
0.226646
0.221384
0.215966
0.210487
0.204959
0.199347
0.193697
0.187903
0.181863
0.175736
0.169546
0.163214
0.156697
0.149904
0.142722
0.135339
0.127383
0.119246
0.110481
0.100000
