1.100000
1.098208
1.096143
1.094036
1.091876
1.089574
1.087094
1.084583
1.082010
1.079384
1.076690
1.073991
1.071261
1.068491
1.065670
1.062810
1.059912
1.056862
1.053795
1.050714
1.047629
1.044538
1.041393
1.038236
1.035055
1.031873
1.028676
1.025443
1.022204
1.018964
1.015718
1.012446
1.009148
1.005836
1.002489
0.999140
0.995780
0.992413
0.989029
0.985625
0.982188
0.978739
0.975287
0.971833
0.968352
0.964855
0.961344
0.957804
0.954232
0.950646
0.947042
0.943425
0.939786
0.936121
0.932434
0.928723
0.924995
0.921267
0.917521
0.913747
0.909966
0.906183
0.902369
0.898543
0.894709
0.890849
0.886980
0.883088
0.879181
0.875263
0.871333
0.867392
0.863429
0.859459
0.855471
0.851478
0.847446
0.843392
0.839333
0.835260
0.831166
0.827062
0.822930
0.818789
0.814639
0.810485
0.806305
0.802126
0.797909
0.793653
0.789379
0.785099
0.780818
0.776518
0.772190
0.767859
0.763482
0.759099
0.754703
0.750277
0.745815
0.741337
0.736812
0.732284
0.727738
0.723177
0.718596
0.714012
0.709394
0.704761
0.700107
0.695435
0.690744
0.686051
0.681345
0.676632
0.671900
0.667121
0.662326
0.657522
0.652668
0.647793
0.642884
0.637967
0.633019
0.628035
0.623037
0.618016
0.612972
0.607903
0.602828
0.597749
0.592651
0.587526
0.582342
0.577134
0.571886
0.566617
0.561330
0.556019
0.550699
0.545364
0.539990
0.534573
0.529155
0.523683
0.518173
0.512646
0.507062
0.501411
0.495727
0.490033
0.484278
0.478519
0.472722
0.466866
0.460994
0.455010
0.449005
0.442993
0.436955
0.430879
0.424707
0.418493
0.412185
0.405867
0.399544
0.393203
0.386774
0.380319
0.373724
0.367054
0.360373
0.353657
0.346827
0.339982
0.333085
0.326122
0.319135
0.312068
0.304884
0.297547
0.290139
0.282685
0.275071
0.267343
0.259460
0.251355
0.242981
0.234564
0.226041
0.217494
0.208790
0.199872
0.190676
0.181029
0.171333
0.161293
0.150243
0.138841
0.126839
0.114204
0.100000
