1.100000
1.097520
1.094633
1.091632
1.088598
1.085557
1.082452
1.079264
1.076050
1.072822
1.069567
1.066282
1.062981
1.059567
1.056150
1.052680
1.049123
1.045551
1.041935
1.038313
1.034657
1.030932
1.027183
1.023417
1.019605
1.015782
1.011945
1.008094
1.004162
1.000227
0.996268
0.992309
0.988334
0.984318
0.980244
0.976124
0.971977
0.967822
0.963664
0.959480
0.955263
0.951034
0.946780
0.942498
0.938213
0.933916
0.929612
0.925297
0.920966
0.916594
0.912210
0.907789
0.903351
0.898896
0.894410
0.889882
0.885347
0.880799
0.876228
0.871635
0.867035
0.862422
0.857784
0.853141
0.848470
0.843758
0.839023
0.834240
0.829443
0.824601
0.819741
0.814873
0.809996
0.805116
0.800176
0.795213
0.790247
0.785266
0.780260
0.775196
0.770114
0.765000
0.759858
0.754709
0.749530
0.744336
0.739130
0.733879
0.728579
0.723226
0.717825
0.712395
0.706937
0.701450
0.695959
0.690449
0.684868
0.679247
0.673580
0.667882
0.662179
0.656424
0.650647
0.644815
0.638928
0.632999
0.627067
0.621119
0.615142
0.609134
0.603114
0.597081
0.590958
0.584810
0.578613
0.572390
0.566119
0.559818
0.553475
0.547064
0.540596
0.534092
0.527555
0.520972
0.514273
0.507564
0.500716
0.493830
0.486856
0.479857
0.472779
0.465699
0.458586
0.451431
0.444256
0.437044
0.429729
0.422307
0.414858
0.407312
0.399741
0.392129
0.384363
0.376426
0.368405
0.360354
0.352237
0.344076
0.335734
0.327307
0.318742
0.310132
0.301253
0.292342
0.283339
0.274131
0.264461
0.254756
0.244985
0.235204
0.225058
0.214622
0.204064
0.193253
0.182124
0.170283
0.158171
0.145599
0.132272
0.116899
0.100000
