1.100000
1.097210
1.094329
1.091359
1.088172
1.084796
1.081409
1.077999
1.074501
1.070954
1.067357
1.063734
1.060055
1.056348
1.052612
1.048769
1.044841
1.040889
1.036931
1.032960
1.028945
1.024912
1.020848
1.016743
1.012570
1.008383
1.004153
0.999913
0.995657
0.991396
0.987112
0.982788
0.978431
0.974052
0.969582
0.965078
0.960559
0.955979
0.951325
0.946659
0.941991
0.937320
0.932618
0.927882
0.923124
0.918340
0.913554
0.908726
0.903884
0.899035
0.894129
0.889170
0.884173
0.879167
0.874133
0.869039
0.863940
0.858805
0.853599
0.848376
0.843072
0.837739
0.832378
0.827011
0.821620
0.816210
0.810735
0.805235
0.799710
0.794163
0.788593
0.782980
0.777285
0.771563
0.765818
0.760067
0.754286
0.748451
0.742609
0.736747
0.730840
0.724895
0.718948
0.712964
0.706933
0.700882
0.694815
0.688733
0.682575
0.676412
0.670200
0.663980
0.657703
0.651402
0.645051
0.638657
0.632225
0.625769
0.619245
0.612668
0.606033
0.599358
0.592621
0.585836
0.579012
0.572116
0.565168
0.558202
0.551164
0.544108
0.537044
0.529871
0.522551
0.515189
0.507752
0.500303
0.492772
0.485101
0.477283
0.469454
0.461500
0.453477
0.445390
0.437224
0.429047
0.420706
0.412222
0.403689
0.395053
0.386244
0.377400
0.368501
0.359508
0.350332
0.340987
0.331454
0.321819
0.312130
0.302257
0.292072
0.281647
0.271148
0.260583
0.249709
0.238754
0.227613
0.215774
0.203592
0.190898
0.178157
0.165081
0.150575
0.135272
0.118823
0.100000
