1.100000
1.098192
1.096231
1.094198
1.092136
1.089898
1.087653
1.085342
1.082904
1.080279
1.077652
1.075003
1.072260
1.069489
1.066709
1.063917
1.061098
1.058262
1.055422
1.052424
1.049415
1.046390
1.043364
1.040307
1.037239
1.034157
1.031068
1.027962
1.024821
1.021667
1.018501
1.015322
1.012112
1.008861
1.005566
1.002258
0.998912
0.995563
0.992191
0.988810
0.985408
0.982003
0.978539
0.975068
0.971574
0.968060
0.964539
0.961004
0.957468
0.953903
0.950322
0.946742
0.943110
0.939457
0.935795
0.932130
0.928461
0.924767
0.921020
0.917267
0.913500
0.909730
0.905948
0.902138
0.898323
0.894496
0.890664
0.886825
0.882943
0.879035
0.875125
0.871209
0.867267
0.863269
0.859257
0.855224
0.851181
0.847131
0.843077
0.839008
0.834906
0.830794
0.826671
0.822525
0.818368
0.814184
0.809980
0.805770
0.801545
0.797265
0.792978
0.788672
0.784362
0.780028
0.775656
0.771258
0.766847
0.762422
0.757975
0.753507
0.749015
0.744500
0.739984
0.735422
0.730841
0.726241
0.721634
0.717013
0.712362
0.707689
0.703012
0.698250
0.693481
0.688690
0.683882
0.679034
0.674167
0.669275
0.664341
0.659402
0.654424
0.649391
0.644341
0.639279
0.634206
0.629132
0.624008
0.618871
0.613703
0.608512
0.603243
0.597973
0.592670
0.587337
0.581960
0.576572
0.571121
0.565655
0.560138
0.554599
0.549039
0.543450
0.537760
0.532029
0.526291
0.520529
0.514689
0.508805
0.502884
0.496922
0.490892
0.484843
0.478775
0.472691
0.466514
0.460319
0.454112
0.447877
0.441624
0.435315
0.428854
0.422386
0.415877
0.409303
0.402652
0.395952
0.389124
0.382291
0.375434
0.368498
0.361541
0.354566
0.347589
0.340541
0.333343
0.326020
0.318622
0.311092
0.303477
0.295778
0.288041
0.280225
0.272226
0.264196
0.256018
0.247649
0.239211
0.230609
0.221771
0.212764
0.203552
0.193999
0.184215
0.174200
0.163945
0.152622
0.140559
0.128042
0.114577
0.100000
