1.100000
1.099544
1.099062
1.098456
1.097833
1.097194
1.096541
1.095875
1.095180
1.094485
1.093784
1.093072
1.092349
1.091615
1.090868
1.090120
1.089366
1.088584
1.087795
1.086978
1.086151
1.085321
1.084481
1.083633
1.082780
1.081924
1.081063
1.080191
1.079314
1.078431
1.077547
1.076657
1.075763
1.074868
1.073966
1.073057
1.072144
1.071230
1.070315
1.069396
1.068475
1.067549
1.066614
1.065674
1.064729
1.063777
1.062822
1.061863
1.060902
1.059935
1.058958
1.057973
1.056981
1.055981
1.054980
1.053976
1.052968
1.051959
1.050937
1.049910
1.048878
1.047841
1.046801
1.045759
1.044714
1.043668
1.042616
1.041562
1.040500
1.039435
1.038368
1.037301
1.036229
1.035155
1.034081
1.033005
1.031927
1.030849
1.029768
1.028687
1.027602
1.026513
1.025413
1.024309
1.023202
1.022094
1.020980
1.019859
1.018736
1.017610
1.016484
1.015355
1.014226
1.013090
1.011953
1.010808
1.009661
1.008510
1.007357
1.006203
1.005046
1.003886
1.002726
1.001560
1.000394
0.999226
0.998057
0.996887
0.995716
0.994543
0.993370
0.992191
0.991009
0.989824
0.988638
0.987451
0.986263
0.985071
0.983878
0.982680
0.981483
0.980285
0.979083
0.977881
0.976678
0.975472
0.974262
0.973052
0.971840
0.970625
0.969407
0.968188
0.966964
0.965735
0.964505
0.963275
0.962043
0.960809
0.959574
0.958339
0.957101
0.955863
0.954623
0.953383
0.952137
0.950890
0.949643
0.948395
0.947140
0.945885
0.944629
0.943373
0.942116
0.940859
0.939600
0.938336
0.937070
0.935803
0.934535
0.933264
0.931991
0.930717
0.929438
0.928158
0.926877
0.925592
0.924308
0.923022
0.921731
0.920437
0.919142
0.917844
0.916545
0.915245
0.913941
0.912633
0.911323
0.910010
0.908696
0.907380
0.906058
0.904730
0.903401
0.902069
0.900736
0.899401
0.898064
0.896726
0.895387
0.894046
0.892705
0.891362
0.890015
0.888666
0.887314
0.885959
0.884600
0.883237
0.881871
0.880504
0.879133
0.877761
0.876387
0.875013
0.873638
0.872263
0.870887
0.869508
0.868127
0.866744
0.865359
0.863971
0.862582
0.861189
0.859795
0.858399
0.856999
0.855596
0.854193
0.852786
0.851378
0.849967
0.848554
0.847140
0.845723
0.844302
0.842879
0.841453
0.840024
0.838591
0.837156
0.835718
0.834279
0.832838
0.831395
0.829950
0.828503
0.827049
0.825593
0.824135
0.822676
0.821213
0.819747
0.818279
0.816809
0.815338
0.813867
0.812391
0.810913
0.809433
0.807948
0.806463
0.804976
0.803489
0.801996
0.800500
0.799002
0.797500
0.795997
0.794490
0.792982
0.791472
0.789960
0.788447
0.786931
0.785412
0.783891
0.782368
0.780845
0.779319
0.777790
0.776260
0.774729
0.773197
0.771664
0.770129
0.768592
0.767051
0.765508
0.763963
0.762416
0.760869
0.759319
0.757763
0.756206
0.754641
0.753076
0.751508
0.749939
0.748366
0.746792
0.745216
0.743639
0.742059
0.740476
0.738890
0.737304
0.735717
0.734127
0.732534
0.730939
0.729340
0.727737
0.726133
0.724526
0.722915
0.721303
0.719689
0.718074
0.716455
0.714834
0.713212
0.711583
0.709952
0.708320
0.706681
0.705037
0.703392
0.701742
0.700091
0.698435
0.696778
0.695115
0.693448
0.691781
0.690112
0.688442
0.686770
0.685095
0.683420
0.681742
0.680060
0.678375
0.676687
0.674995
0.673301
0.671602
0.669899
0.668195
0.666486
0.664776
0.663063
0.661342
0.659621
0.657893
0.656161
0.654428
0.652692
0.650955
0.649215
0.647473
0.645726
0.643977
0.642223
0.640465
0.638706
0.636941
0.635176
0.633406
0.631635
0.629863
0.628084
0.626305
0.624521
0.622734
0.620944
0.619148
0.617350
0.615544
0.613738
0.611929
0.610117
0.608290
0.606462
0.604631
0.602796
0.600961
0.599121
0.597280
0.595437
0.593589
0.591737
0.589884
0.588030
0.586168
0.584304
0.582439
0.580568
0.578696
0.576823
0.574941
0.573056
0.571169
0.569272
0.567374
0.565471
0.563567
0.561658
0.559745
0.557822
0.555893
0.553962
0.552028
0.550092
0.548154
0.546212
0.544269
0.542316
0.540360
0.538399
0.536436
0.534470
0.532500
0.530525
0.528542
0.526557
0.524560
0.522560
0.520553
0.518544
0.516532
0.514513
0.512492
0.510468
0.508435
0.506397
0.504356
0.502302
0.500248
0.498189
0.496126
0.494059
0.491991
0.489918
0.487838
0.485745
0.483643
0.481541
0.479436
0.477329
0.475218
0.473098
0.470978
0.468853
0.466722
0.464584
0.462444
0.460296
0.458144
0.455986
0.453826
0.451658
0.449486
0.447297
0.445108
0.442917
0.440720
0.438517
0.436311
0.434102
0.431880
0.429653
0.427421
0.425184
0.422938
0.420685
0.418428
0.416155
0.413882
0.411605
0.409325
0.407038
0.404743
0.402445
0.400135
0.397815
0.395488
0.393155
0.390814
0.388473
0.386122
0.383756
0.381378
0.378996
0.376607
0.374215
0.371821
0.369421
0.367010
0.364588
0.362161
0.359716
0.357259
0.354801
0.352336
0.349862
0.347377
0.344873
0.342363
0.339848
0.337320
0.334777
0.332219
0.329651
0.327070
0.324469
0.321852
0.319232
0.316607
0.313980
0.311346
0.308690
0.306022
0.303338
0.300648
0.297944
0.295231
0.292499
0.289759
0.287009
0.284248
0.281469
0.278687
0.275863
0.273029
0.270177
0.267320
0.264443
0.261548
0.258651
0.255728
0.252781
0.249832
0.246853
0.243860
0.240845
0.237792
0.234734
0.231654
0.228547
0.225426
0.222252
0.219042
0.215816
0.212586
0.209342
0.206065
0.202753
0.199376
0.195994
0.192548
0.189071
0.185510
0.181884
0.178195
0.174469
0.170702
0.166871
0.162988
0.159002
0.154946
0.150860
0.146646
0.142318
0.137880
0.133304
0.128581
0.123633
0.118496
0.113193
0.106843
0.100000
