1.100000
1.097448
1.094703
1.091702
1.088575
1.085377
1.082130
1.078834
1.075451
1.071905
1.068335
1.064730
1.061089
1.057430
1.053700
1.049939
1.046134
1.042104
1.037986
1.033844
1.029679
1.025486
1.021278
1.016992
1.012649
1.008285
1.003912
0.999494
0.995062
0.990532
0.985999
0.981422
0.976818
0.972181
0.967484
0.962732
0.957943
0.953118
0.948247
0.943297
0.938332
0.933334
0.928299
0.923248
0.918184
0.913055
0.907921
0.902719
0.897490
0.892197
0.886816
0.881410
0.875974
0.870525
0.865061
0.859527
0.853983
0.848416
0.842782
0.837119
0.831441
0.825734
0.820018
0.814234
0.808411
0.802544
0.796636
0.790646
0.784625
0.778591
0.772494
0.766381
0.760197
0.753993
0.747728
0.741425
0.735110
0.728721
0.722325
0.715910
0.709484
0.702969
0.696437
0.689877
0.683280
0.676578
0.669832
0.663005
0.656071
0.649081
0.642086
0.635003
0.627915
0.620766
0.613540
0.606196
0.598791
0.591277
0.583611
0.575876
0.568108
0.560271
0.552339
0.544391
0.536399
0.528371
0.520258
0.512051
0.503793
0.495489
0.487061
0.478510
0.469896
0.461227
0.452440
0.443451
0.434401
0.425149
0.415794
0.406369
0.396751
0.386993
0.377158
0.367193
0.357133
0.346989
0.336757
0.326210
0.315621
0.304952
0.294260
0.283225
0.272096
0.260764
0.249147
0.236770
0.224362
0.211055
0.197558
0.183332
0.168625
0.153563
0.137104
0.119590
0.100000
