1.100000
1.098741
1.097352
1.095905
1.094432
1.092870
1.091292
1.089697
1.088084
1.086438
1.084713
1.082981
1.081238
1.079463
1.077645
1.075817
1.073974
1.072122
1.070232
1.068266
1.066254
1.064209
1.062144
1.060051
1.057865
1.055674
1.053477
1.051261
1.049031
1.046771
1.044509
1.042233
1.039932
1.037608
1.035274
1.032909
1.030512
1.028065
1.025610
1.023154
1.020677
1.018197
1.015706
1.013198
1.010674
1.008140
1.005602
1.003039
1.000474
0.997886
0.995297
0.992684
0.990048
0.987407
0.984752
0.982094
0.979420
0.976736
0.974042
0.971338
0.968619
0.965895
0.963156
0.960394
0.957611
0.954808
0.952004
0.949191
0.946360
0.943525
0.940677
0.937812
0.934937
0.932053
0.929161
0.926253
0.923332
0.920402
0.917443
0.914472
0.911480
0.908474
0.905461
0.902421
0.899346
0.896271
0.893180
0.890075
0.886956
0.883815
0.880668
0.877517
0.874347
0.871164
0.867974
0.864772
0.861558
0.858311
0.855039
0.851753
0.848458
0.845152
0.841838
0.838522
0.835185
0.831841
0.828481
0.825085
0.821673
0.818259
0.814840
0.811415
0.807971
0.804501
0.801015
0.797521
0.794023
0.790514
0.786997
0.783444
0.779889
0.776316
0.772730
0.769119
0.765496
0.761860
0.758218
0.754568
0.750896
0.747198
0.743493
0.739768
0.736030
0.732289
0.728520
0.724744
0.720954
0.717157
0.713332
0.709503
0.705671
0.701820
0.697878
0.693929
0.689934
0.685921
0.681887
0.677843
0.673758
0.669669
0.665562
0.661442
0.657288
0.653087
0.648870
0.644637
0.640348
0.636044
0.631710
0.627371
0.622990
0.618580
0.614165
0.609694
0.605221
0.600702
0.596167
0.591586
0.586978
0.582354
0.577704
0.573019
0.568282
0.563505
0.558683
0.553828
0.548947
0.544050
0.539120
0.534127
0.529065
0.523996
0.518892
0.513771
0.508618
0.503436
0.498185
0.492866
0.487532
0.482179
0.476805
0.471412
0.465984
0.460440
0.454867
0.449246
0.443567
0.437856
0.432127
0.426319
0.420483
0.414620
0.408711
0.402766
0.396731
0.390683
0.384532
0.378329
0.372041
0.365651
0.359110
0.352488
0.345792
0.339075
0.332289
0.325461
0.318537
0.311592
0.304510
0.297391
0.290235
0.282945
0.275358
0.267707
0.259956
0.252147
0.244235
0.236162
0.227695
0.219050
0.210387
0.201550
0.192369
0.183088
0.173046
0.162930
0.151913
0.140727
0.128461
0.115133
0.100000
