1.100000
1.098258
1.096498
1.094730
1.092802
1.090801
1.088764
1.086604
1.084426
1.082179
1.079865
1.077543
1.075188
1.072781
1.070345
1.067870
1.065381
1.062867
1.060219
1.057549
1.054840
1.052099
1.049329
1.046528
1.043715
1.040892
1.038040
1.035153
1.032242
1.029300
1.026346
1.023392
1.020430
1.017466
1.014484
1.011491
1.008475
1.005449
1.002404
0.999339
0.996246
0.993134
0.990001
0.986865
0.983700
0.980504
0.977302
0.974056
0.970805
0.967534
0.964256
0.960978
0.957696
0.954387
0.951065
0.947735
0.944399
0.941040
0.937669
0.934274
0.930876
0.927412
0.923919
0.920396
0.916858
0.913309
0.909733
0.906139
0.902501
0.898849
0.895176
0.891489
0.887778
0.884064
0.880344
0.876610
0.872840
0.869037
0.865228
0.861401
0.857572
0.853728
0.849874
0.846008
0.842133
0.838245
0.834334
0.830388
0.826417
0.822435
0.818415
0.814384
0.810335
0.806278
0.802206
0.798091
0.793968
0.789813
0.785615
0.781411
0.777165
0.772899
0.768622
0.764331
0.760023
0.755679
0.751305
0.746922
0.742515
0.738074
0.733616
0.729127
0.724609
0.720071
0.715522
0.710963
0.706341
0.701655
0.696952
0.692225
0.687469
0.682690
0.677900
0.673079
0.668230
0.663370
0.658479
0.653566
0.648649
0.643713
0.638761
0.633798
0.628806
0.623741
0.618664
0.613566
0.608451
0.603290
0.598093
0.592880
0.587652
0.582367
0.577050
0.571715
0.566338
0.560909
0.555423
0.549914
0.544381
0.538829
0.533248
0.527636
0.522000
0.516334
0.510650
0.504929
0.499201
0.493423
0.487603
0.481691
0.475764
0.469817
0.463828
0.457813
0.451724
0.445608
0.439455
0.433221
0.426914
0.420505
0.414076
0.407604
0.401003
0.394399
0.387737
0.381047
0.374329
0.367478
0.360513
0.353512
0.346385
0.339203
0.331993
0.324729
0.317360
0.309906
0.302367
0.294796
0.287098
0.279285
0.271400
0.263358
0.255230
0.246961
0.238509
0.229651
0.220715
0.211670
0.202479
0.193263
0.183519
0.173524
0.163022
0.152281
0.140257
0.127920
0.114911
0.100000
