1.100000
1.099010
1.097757
1.096477
1.095124
1.093709
1.092272
1.090829
1.089363
1.087754
1.086103
1.084434
1.082720
1.080997
1.079261
1.077502
1.075724
1.073862
1.071963
1.070046
1.068111
1.066168
1.064224
1.062265
1.060298
1.058290
1.056279
1.054252
1.052215
1.050165
1.048113
1.046050
1.043939
1.041817
1.039684
1.037541
1.035387
1.033220
1.031048
1.028871
1.026664
1.024409
1.022149
1.019877
1.017594
1.015263
1.012914
1.010540
1.008155
1.005762
1.003356
1.000946
0.998516
0.996076
0.993624
0.991171
0.988695
0.986193
0.983679
0.981149
0.978610
0.976059
0.973507
0.970946
0.968342
0.965737
0.963113
0.960483
0.957833
0.955164
0.952491
0.949784
0.947072
0.944331
0.941584
0.938826
0.936048
0.933262
0.930455
0.927638
0.924812
0.921974
0.919093
0.916207
0.913304
0.910399
0.907488
0.904547
0.901586
0.898605
0.895612
0.892598
0.889575
0.886533
0.883469
0.880386
0.877286
0.874161
0.870999
0.867828
0.864617
0.861400
0.858164
0.854909
0.851615
0.848314
0.844982
0.841629
0.838270
0.834879
0.831448
0.827984
0.824508
0.821022
0.817523
0.814015
0.810471
0.806905
0.803337
0.799726
0.796109
0.792487
0.788853
0.785200
0.781541
0.777854
0.774158
0.770447
0.766715
0.762970
0.759210
0.755419
0.751622
0.747777
0.743909
0.740024
0.736106
0.732165
0.728210
0.724241
0.720260
0.716237
0.712210
0.708145
0.704056
0.699963
0.695843
0.691705
0.687517
0.683296
0.679072
0.674808
0.670466
0.666117
0.661724
0.657320
0.652899
0.648426
0.643951
0.639465
0.634977
0.630457
0.625926
0.621364
0.616778
0.612173
0.607547
0.602914
0.598226
0.593506
0.588735
0.583934
0.579124
0.574244
0.569321
0.564350
0.559343
0.554302
0.549245
0.544124
0.538972
0.533769
0.528555
0.523287
0.517975
0.512655
0.507253
0.501772
0.496247
0.490641
0.484988
0.479327
0.473652
0.467950
0.462057
0.456134
0.450177
0.444149
0.438040
0.431912
0.425765
0.419530
0.413283
0.406741
0.400153
0.393428
0.386589
0.379746
0.372793
0.365684
0.358547
0.351146
0.343655
0.335948
0.328134
0.320098
0.312059
0.303658
0.295082
0.286262
0.277165
0.267999
0.258574
0.248964
0.238854
0.228375
0.217784
0.206622
0.195213
0.183566
0.171508
0.158789
0.145925
0.132128
0.116988
0.100000
