1.100000
1.098928
1.097844
1.096622
1.095322
1.093987
1.092644
1.091165
1.089683
1.088173
1.086606
1.085023
1.083422
1.081817
1.080148
1.078464
1.076761
1.075032
1.073297
1.071550
1.069799
1.068028
1.066220
1.064396
1.062563
1.060729
1.058879
1.057020
1.055147
1.053256
1.051363
1.049445
1.047516
1.045583
1.043616
1.041638
1.039644
1.037643
1.035640
1.033613
1.031583
1.029543
1.027496
1.025444
1.023355
1.021263
1.019149
1.017022
1.014863
1.012699
1.010533
1.008337
1.006122
1.003907
1.001678
0.999411
0.997142
0.994870
0.992590
0.990298
0.988001
0.985690
0.983353
0.981007
0.978646
0.976280
0.973911
0.971529
0.969143
0.966736
0.964304
0.961865
0.959407
0.956928
0.954427
0.951921
0.949411
0.946888
0.944345
0.941791
0.939214
0.936619
0.934016
0.931399
0.928767
0.926121
0.923445
0.920761
0.918034
0.915304
0.912566
0.909811
0.907049
0.904279
0.901490
0.898691
0.895888
0.893060
0.890223
0.887382
0.884536
0.881667
0.878790
0.875907
0.872998
0.870077
0.867145
0.864182
0.861205
0.858225
0.855238
0.852248
0.849252
0.846238
0.843222
0.840188
0.837149
0.834100
0.831025
0.827946
0.824850
0.821742
0.818622
0.815497
0.812362
0.809221
0.806073
0.802903
0.799700
0.796492
0.793278
0.790056
0.786830
0.783545
0.780248
0.776942
0.773626
0.770302
0.766968
0.763629
0.760271
0.756903
0.753526
0.750127
0.746707
0.743273
0.739824
0.736361
0.732874
0.729379
0.725842
0.722284
0.718705
0.715113
0.711510
0.707891
0.704269
0.700635
0.696972
0.693302
0.689613
0.685887
0.682153
0.678411
0.674636
0.670842
0.667022
0.663180
0.659319
0.655435
0.651538
0.647619
0.643687
0.639727
0.635741
0.631709
0.627673
0.623612
0.619537
0.615441
0.611332
0.607193
0.603046
0.598868
0.594654
0.590437
0.586163
0.581873
0.577553
0.573217
0.568854
0.564420
0.559970
0.555491
0.551000
0.546491
0.541956
0.537413
0.532865
0.528282
0.523677
0.519059
0.514407
0.509718
0.505018
0.500279
0.495508
0.490699
0.485857
0.480998
0.476111
0.471190
0.466230
0.461227
0.456193
0.451068
0.445904
0.440685
0.435426
0.430135
0.424745
0.419288
0.413807
0.408288
0.402668
0.397037
0.391295
0.385465
0.379626
0.373762
0.367891
0.361896
0.355895
0.349768
0.343597
0.337421
0.331149
0.324763
0.318266
0.311537
0.304708
0.297823
0.290819
0.283715
0.276605
0.269277
0.261847
0.254366
0.246676
0.238848
0.230743
0.222601
0.214307
0.205830
0.197210
0.188248
0.179200
0.169622
0.159923
0.149875
0.138822
0.127386
0.114151
0.100000
