1.100000
1.098079
1.096146
1.094182
1.092117
1.089896
1.087620
1.085305
1.082952
1.080587
1.078185
1.075763
1.073262
1.070756
1.068234
1.065675
1.063091
1.060464
1.057805
1.055140
1.052418
1.049677
1.046916
1.044137
1.041348
1.038541
1.035733
1.032910
1.030055
1.027195
1.024329
1.021455
1.018564
1.015640
1.012702
1.009749
1.006783
1.003813
1.000818
0.997809
0.994786
0.991761
0.988687
0.985603
0.982499
0.979370
0.976216
0.973055
0.969884
0.966679
0.963465
0.960241
0.956990
0.953726
0.950453
0.947168
0.943883
0.940575
0.937255
0.933916
0.930572
0.927218
0.923842
0.920446
0.917044
0.913637
0.910219
0.906796
0.903355
0.899909
0.896436
0.892942
0.889447
0.885939
0.882407
0.878850
0.875288
0.871711
0.868106
0.864481
0.860837
0.857189
0.853513
0.849821
0.846120
0.842416
0.838701
0.834968
0.831217
0.827450
0.823656
0.819858
0.816056
0.812219
0.808362
0.804489
0.800608
0.796721
0.792817
0.788886
0.784934
0.780954
0.776969
0.772953
0.768922
0.764871
0.760794
0.756692
0.752584
0.748466
0.744333
0.740173
0.736009
0.731833
0.727625
0.723402
0.719165
0.714904
0.710625
0.706341
0.701985
0.697612
0.693210
0.688797
0.684383
0.679937
0.675469
0.670985
0.666482
0.661975
0.657424
0.652863
0.648284
0.643666
0.639024
0.634360
0.629687
0.624978
0.620239
0.615452
0.610641
0.605827
0.600956
0.596037
0.591074
0.586076
0.581056
0.576023
0.570969
0.565913
0.560809
0.555687
0.550550
0.545408
0.540187
0.534931
0.529626
0.524269
0.518897
0.513514
0.508114
0.502659
0.497147
0.491574
0.485984
0.480379
0.474706
0.469003
0.463259
0.457503
0.451716
0.445854
0.439987
0.434035
0.428077
0.422083
0.416039
0.409964
0.403872
0.397676
0.391423
0.385156
0.378828
0.372381
0.365874
0.359360
0.352779
0.346157
0.339403
0.332593
0.325649
0.318634
0.311583
0.304487
0.297275
0.289917
0.282490
0.274990
0.267343
0.259678
0.251743
0.243618
0.235419
0.227086
0.218625
0.210008
0.200848
0.191424
0.181816
0.171904
0.161432
0.150830
0.139704
0.127900
0.114908
0.100000
