1.100000
1.099799
1.099567
1.099319
1.099063
1.098795
1.098514
1.098234
1.097950
1.097640
1.097321
1.096986
1.096651
1.096308
1.095959
1.095608
1.095254
1.094878
1.094498
1.094114
1.093722
1.093323
1.092913
1.092504
1.092094
1.091675
1.091248
1.090806
1.090363
1.089913
1.089462
1.089011
1.088556
1.088100
1.087635
1.087166
1.086694
1.086217
1.085738
1.085256
1.084774
1.084291
1.083804
1.083314
1.082823
1.082330
1.081837
1.081342
1.080845
1.080347
1.079847
1.079348
1.078848
1.078346
1.077839
1.077327
1.076809
1.076290
1.075768
1.075241
1.074712
1.074182
1.073651
1.073119
1.072586
1.072050
1.071510
1.070968
1.070425
1.069881
1.069333
1.068783
1.068233
1.067682
1.067130
1.066576
1.066022
1.065466
1.064910
1.064352
1.063791
1.063229
1.062667
1.062105
1.061541
1.060974
1.060407
1.059838
1.059269
1.058698
1.058127
1.057554
1.056981
1.056402
1.055821
1.055239
1.054654
1.054067
1.053479
1.052889
1.052296
1.051701
1.051105
1.050507
1.049908
1.049308
1.048705
1.048099
1.047493
1.046887
1.046279
1.045671
1.045062
1.044452
1.043842
1.043230
1.042619
1.042007
1.041395
1.040782
1.040168
1.039554
1.038938
1.038322
1.037703
1.037081
1.036458
1.035834
1.035209
1.034583
1.033955
1.033327
1.032697
1.032066
1.031435
1.030804
1.030172
1.029538
1.028903
1.028264
1.027623
1.026981
1.026337
1.025692
1.025046
1.024400
1.023752
1.023101
1.022449
1.021797
1.021142
1.020488
1.019830
1.019173
1.018514
1.017855
1.017193
1.016530
1.015865
1.015199
1.014528
1.013856
1.013183
1.012510
1.011836
1.011161
1.010484
1.009805
1.009125
1.008444
1.007762
1.007080
1.006398
1.005715
1.005031
1.004343
1.003653
1.002963
1.002270
1.001575
1.000879
1.000182
0.999484
0.998784
0.998083
0.997380
0.996677
0.995971
0.995265
0.994558
0.993849
0.993138
0.992426
0.991715
0.991003
0.990290
0.989575
0.988860
0.988143
0.987427
0.986709
0.985990
0.985271
0.984552
0.983830
0.983108
0.982383
0.981659
0.980933
0.980206
0.979479
0.978750
0.978020
0.977289
0.976556
0.975819
0.975082
0.974342
0.973601
0.972859
0.972116
0.971371
0.970625
0.969879
0.969132
0.968383
0.967629
0.966874
0.966119
0.965363
0.964605
0.963847
0.963088
0.962328
0.961568
0.960805
0.960042
0.959277
0.958511
0.957745
0.956977
0.956209
0.955439
0.954666
0.953890
0.953114
0.952338
0.951560
0.950781
0.950002
0.949222
0.948441
0.947658
0.946875
0.946091
0.945306
0.944521
0.943733
0.942944
0.942154
0.941363
0.940570
0.939778
0.938983
0.938188
0.937393
0.936597
0.935801
0.935003
0.934203
0.933402
0.932599
0.931795
0.930990
0.930185
0.929378
0.928571
0.927764
0.926955
0.926144
0.925331
0.924519
0.923704
0.922888
0.922072
0.921255
0.920437
0.919617
0.918796
0.917973
0.917150
0.916326
0.915499
0.914670
0.913840
0.913010
0.912178
0.911345
0.910512
0.909677
0.908840
0.908002
0.907162
0.906322
0.905481
0.904639
0.903797
0.902953
0.902108
0.901262
0.900414
0.899566
0.898718
0.897868
0.897016
0.896165
0.895310
0.894453
0.893595
0.892734
0.891872
0.891009
0.890144
0.889280
0.888414
0.887547
0.886680
0.885812
0.884943
0.884072
0.883200
0.882328
0.881455
0.880581
0.879706
0.878832
0.877956
0.877078
0.876200
0.875320
0.874441
0.873560
0.872677
0.871794
0.870909
0.870024
0.869137
0.868249
0.867360
0.866472
0.865582
0.864690
0.863797
0.862902
0.862007
0.861111
0.860214
0.859315
0.858416
0.857517
0.856615
0.855712
0.854804
0.853893
0.852980
0.852068
0.851153
0.850236
0.849317
0.848397
0.847477
0.846556
0.845633
0.844710
0.843786
0.842860
0.841935
0.841007
0.840079
0.839148
0.838215
0.837280
0.836345
0.835408
0.834469
0.833530
0.832589
0.831649
0.830707
0.829764
0.828818
0.827872
0.826920
0.825967
0.825013
0.824059
0.823102
0.822146
0.821188
0.820228
0.819267
0.818304
0.817340
0.816374
0.815407
0.814439
0.813470
0.812501
0.811529
0.810553
0.809578
0.808602
0.807625
0.806646
0.805667
0.804686
0.803705
0.802723
0.801740
0.800756
0.799769
0.798782
0.797792
0.796802
0.795811
0.794819
0.793826
0.792832
0.791836
0.790840
0.789843
0.788843
0.787844
0.786844
0.785844
0.784841
0.783833
0.782825
0.781815
0.780803
0.779790
0.778775
0.777760
0.776744
0.775727
0.774710
0.773692
0.772672
0.771651
0.770630
0.769606
0.768580
0.767550
0.766519
0.765486
0.764453
0.763418
0.762383
0.761346
0.760308
0.759269
0.758227
0.757184
0.756140
0.755094
0.754048
0.753001
0.751952
0.750903
0.749852
0.748799
0.747745
0.746691
0.745634
0.744576
0.743516
0.742455
0.741389
0.740321
0.739251
0.738182
0.737112
0.736039
0.734965
0.733889
0.732812
0.731731
0.730648
0.729566
0.728482
0.727398
0.726312
0.725225
0.724137
0.723049
0.721958
0.720866
0.719772
0.718677
0.717580
0.716483
0.715383
0.714283
0.713180
0.712075
0.710970
0.709863
0.708754
0.707643
0.706530
0.705415
0.704296
0.703176
0.702054
0.700930
0.699805
0.698677
0.697549
0.696419
0.695287
0.694154
0.693019
0.691882
0.690742
0.689600
0.688459
0.687315
0.686170
0.685024
0.683876
0.682725
0.681573
0.680420
0.679265
0.678110
0.676954
0.675794
0.674633
0.673471
0.672306
0.671142
0.669975
0.668807
0.667637
0.666465
0.665289
0.664109
0.662928
0.661747
0.660563
0.659379
0.658191
0.657003
0.655813
0.654621
0.653428
0.652233
0.651035
0.649835
0.648631
0.647427
0.646221
0.645014
0.643806
0.642597
0.641384
0.640171
0.638955
0.637737
0.636518
0.635297
0.634075
0.632850
0.631623
0.630395
0.629167
0.627936
0.626705
0.625472
0.624236
0.622999
0.621761
0.620521
0.619279
0.618035
0.616788
0.615541
0.614293
0.613044
0.611792
0.610540
0.609287
0.608031
0.606773
0.605511
0.604247
0.602982
0.601715
0.600446
0.599173
0.597898
0.596619
0.595336
0.594051
0.592764
0.591475
0.590184
0.588890
0.587595
0.586299
0.585001
0.583702
0.582402
0.581097
0.579789
0.578481
0.577171
0.575857
0.574543
0.573226
0.571907
0.570586
0.569261
0.567931
0.566599
0.565263
0.563925
0.562585
0.561243
0.559896
0.558542
0.557186
0.555828
0.554468
0.553108
0.551745
0.550380
0.549012
0.547643
0.546271
0.544892
0.543511
0.542129
0.540743
0.539357
0.537969
0.536578
0.535186
0.533791
0.532394
0.530993
0.529589
0.528184
0.526774
0.525360
0.523941
0.522519
0.521096
0.519671
0.518245
0.516813
0.515380
0.513946
0.512510
0.511070
0.509627
0.508182
0.506734
0.505283
0.503830
0.502374
0.500915
0.499452
0.497988
0.496515
0.495040
0.493565
0.492089
0.490606
0.489121
0.487633
0.486144
0.484652
0.483156
0.481657
0.480154
0.478645
0.477134
0.475621
0.474106
0.472591
0.471074
0.469552
0.468025
0.466498
0.464964
0.463428
0.461888
0.460347
0.458803
0.457250
0.455693
0.454134
0.452574
0.451012
0.449447
0.447877
0.446305
0.444727
0.443147
0.441565
0.439974
0.438383
0.436787
0.435191
0.433589
0.431983
0.430377
0.428768
0.427155
0.425541
0.423919
0.422296
0.420664
0.419030
0.417394
0.415751
0.414105
0.412457
0.410807
0.409151
0.407488
0.405822
0.404144
0.402466
0.400783
0.399097
0.397404
0.395710
0.394013
0.392309
0.390602
0.388893
0.387174
0.385446
0.383714
0.381976
0.380233
0.378484
0.376728
0.374971
0.373209
0.371445
0.369681
0.367914
0.366132
0.364344
0.362552
0.360757
0.358960
0.357155
0.355347
0.353536
0.351712
0.349879
0.348045
0.346207
0.344362
0.342505
0.340643
0.338777
0.336905
0.335021
0.333133
0.331238
0.329332
0.327425
0.325509
0.323587
0.321661
0.319720
0.317773
0.315818
0.313858
0.311891
0.309921
0.307937
0.305943
0.303927
0.301902
0.299873
0.297835
0.295790
0.293737
0.291680
0.289608
0.287528
0.285440
0.283343
0.281243
0.279129
0.276994
0.274858
0.272712
0.270556
0.268385
0.266209
0.264026
0.261839
0.259641
0.257440
0.255231
0.252999
0.250745
0.248480
0.246196
0.243908
0.241606
0.239281
0.236952
0.234603
0.232246
0.229877
0.227500
0.225105
0.222686
0.220255
0.217799
0.215332
0.212839
0.210331
0.207795
0.205234
0.202658
0.200066
0.197462
0.194814
0.192111
0.189403
0.186691
0.183931
0.181154
0.178368
0.175529
0.172684
0.169790
0.166864
0.163929
0.160914
0.157877
0.154773
0.151594
0.148394
0.145116
0.141692
0.138241
0.134729
0.131091
0.127356
0.123509
0.119517
0.115196
0.110707
0.105415
0.100000
