1.100000
1.098774
1.097473
1.096165
1.094674
1.093158
1.091638
1.090061
1.088440
1.086797
1.085135
1.083464
1.081783
1.080037
1.078278
1.076504
1.074726
1.072873
1.071007
1.069108
1.067181
1.065221
1.063257
1.061282
1.059288
1.057293
1.055293
1.053293
1.051274
1.049244
1.047187
1.045113
1.043030
1.040936
1.038840
1.036737
1.034624
1.032508
1.030390
1.028265
1.026124
1.023974
1.021792
1.019608
1.017418
1.015205
1.012989
1.010766
1.008539
1.006298
1.004055
1.001790
0.999519
0.997240
0.994945
0.992647
0.990345
0.988041
0.985714
0.983383
0.981039
0.978692
0.976329
0.973963
0.971590
0.969185
0.966773
0.964353
0.961922
0.959487
0.957048
0.954601
0.952140
0.949679
0.947211
0.944739
0.942261
0.939772
0.937278
0.934777
0.932261
0.929728
0.927189
0.924645
0.922093
0.919536
0.916969
0.914396
0.911809
0.909219
0.906625
0.904017
0.901393
0.898754
0.896109
0.893458
0.890785
0.888097
0.885406
0.882708
0.880003
0.877295
0.874574
0.871840
0.869104
0.866357
0.863607
0.860838
0.858069
0.855295
0.852511
0.849718
0.846918
0.844115
0.841287
0.838459
0.835617
0.832773
0.829918
0.827052
0.824184
0.821309
0.818431
0.815526
0.812605
0.809682
0.806736
0.803785
0.800828
0.797835
0.794835
0.791823
0.788807
0.785782
0.782751
0.779713
0.776645
0.773563
0.770474
0.767368
0.764256
0.761134
0.758008
0.754875
0.751714
0.748539
0.745363
0.742182
0.738995
0.735796
0.732586
0.729360
0.726111
0.722843
0.719559
0.716267
0.712953
0.709631
0.706289
0.702923
0.699548
0.696172
0.692794
0.689417
0.686034
0.682627
0.679208
0.675780
0.672347
0.668896
0.665444
0.661953
0.658450
0.654944
0.651422
0.647876
0.644328
0.640765
0.637189
0.633594
0.629988
0.626359
0.622713
0.619045
0.615370
0.611685
0.607965
0.604240
0.600497
0.596738
0.592967
0.589182
0.585393
0.581595
0.577766
0.573915
0.570027
0.566137
0.562242
0.558332
0.554411
0.550480
0.546508
0.542512
0.538500
0.534487
0.530442
0.526375
0.522281
0.518154
0.514004
0.509835
0.505652
0.501452
0.497216
0.492950
0.488664
0.484347
0.480015
0.475678
0.471303
0.466913
0.462418
0.457921
0.453422
0.448898
0.444370
0.439810
0.435207
0.430576
0.425903
0.421148
0.416391
0.411613
0.406765
0.401865
0.396948
0.391990
0.386976
0.381909
0.376750
0.371583
0.366392
0.361164
0.355844
0.350464
0.345025
0.339521
0.333989
0.328410
0.322798
0.317134
0.311414
0.305625
0.299740
0.293665
0.287525
0.281372
0.275002
0.268548
0.262013
0.255416
0.248771
0.241926
0.234922
0.227724
0.220324
0.212850
0.205079
0.197304
0.189410
0.181409
0.173227
0.164397
0.155118
0.145464
0.135397
0.124680
0.112829
0.100000
