1.100000
1.098662
1.097294
1.095915
1.094474
1.092983
1.091438
1.089879
1.088293
1.086641
1.084959
1.083271
1.081573
1.079848
1.078107
1.076324
1.074507
1.072648
1.070766
1.068878
1.066961
1.065035
1.063107
1.061175
1.059239
1.057255
1.055268
1.053275
1.051274
1.049214
1.047137
1.045060
1.042977
1.040861
1.038735
1.036580
1.034409
1.032215
1.030016
1.027812
1.025573
1.023315
1.021055
1.018787
1.016514
1.014227
1.011926
1.009619
1.007309
1.004994
1.002665
1.000335
0.998002
0.995644
0.993276
0.990906
0.988523
0.986137
0.983739
0.981325
0.978910
0.976493
0.974072
0.971645
0.969207
0.966763
0.964302
0.961818
0.959324
0.956824
0.954313
0.951792
0.949263
0.946727
0.944188
0.941635
0.939075
0.936504
0.933932
0.931348
0.928760
0.926164
0.923560
0.920948
0.918334
0.915697
0.913043
0.910386
0.907723
0.905047
0.902353
0.899651
0.896946
0.894240
0.891527
0.888812
0.886088
0.883358
0.880624
0.877885
0.875146
0.872401
0.869631
0.866851
0.864064
0.861274
0.858472
0.855665
0.852847
0.850029
0.847205
0.844379
0.841548
0.838706
0.835843
0.832966
0.830087
0.827201
0.824308
0.821407
0.818502
0.815590
0.812670
0.809738
0.806770
0.803794
0.800817
0.797827
0.794823
0.791814
0.788791
0.785761
0.782730
0.779687
0.776630
0.773566
0.770498
0.767415
0.764325
0.761221
0.758087
0.754942
0.751794
0.748617
0.745434
0.742246
0.739054
0.735851
0.732623
0.729388
0.726151
0.722901
0.719621
0.716339
0.713042
0.709743
0.706429
0.703109
0.699778
0.696442
0.693105
0.689739
0.686346
0.682951
0.679535
0.676099
0.672647
0.669172
0.665692
0.662187
0.658670
0.655150
0.651597
0.648043
0.644486
0.640914
0.637300
0.633664
0.629998
0.626306
0.622591
0.618867
0.615121
0.611365
0.607599
0.603833
0.600064
0.596279
0.592472
0.588654
0.584828
0.580986
0.577131
0.573248
0.569347
0.565438
0.561497
0.557547
0.553583
0.549579
0.545564
0.541486
0.537389
0.533269
0.529131
0.524986
0.520806
0.516607
0.512377
0.508119
0.503854
0.499574
0.495266
0.490939
0.486592
0.482240
0.477785
0.473297
0.468799
0.464258
0.459684
0.455084
0.450464
0.445837
0.441187
0.436459
0.431705
0.426918
0.422084
0.417230
0.412367
0.407425
0.402424
0.397393
0.392334
0.387218
0.382056
0.376787
0.371497
0.366177
0.360857
0.355460
0.350039
0.344590
0.339080
0.333514
0.327879
0.322142
0.316333
0.310441
0.304494
0.298497
0.292356
0.286196
0.279910
0.273541
0.267088
0.260539
0.253810
0.247008
0.240153
0.233203
0.226152
0.218832
0.211510
0.203870
0.196076
0.188202
0.180063
0.171832
0.163033
0.154147
0.144892
0.134734
0.123924
0.112414
0.100000
