1.100000
1.098762
1.097436
1.096050
1.094661
1.093162
1.091637
1.090074
1.088397
1.086716
1.084980
1.083233
1.081474
1.079711
1.077946
1.076151
1.074352
1.072526
1.070683
1.068820
1.066932
1.065039
1.063099
1.061150
1.059184
1.057207
1.055214
1.053186
1.051146
1.049103
1.047057
1.044989
1.042880
1.040769
1.038650
1.036519
1.034377
1.032223
1.030056
1.027886
1.025714
1.023538
1.021361
1.019181
1.016987
1.014783
1.012570
1.010354
1.008138
1.005909
1.003676
1.001432
0.999184
0.996914
0.994629
0.992325
0.990016
0.987695
0.985373
0.983048
0.980709
0.978353
0.975991
0.973617
0.971242
0.968858
0.966470
0.964075
0.961669
0.959240
0.956808
0.954373
0.951923
0.949464
0.946997
0.944530
0.942055
0.939577
0.937090
0.934601
0.932097
0.929593
0.927082
0.924562
0.922032
0.919500
0.916954
0.914408
0.911850
0.909289
0.906717
0.904134
0.901549
0.898963
0.896364
0.893761
0.891154
0.888534
0.885910
0.883282
0.880642
0.877999
0.875352
0.872702
0.870032
0.867356
0.864674
0.861985
0.859284
0.856576
0.853862
0.851139
0.848408
0.845669
0.842926
0.840173
0.837414
0.834650
0.831868
0.829078
0.826280
0.823479
0.820675
0.817841
0.815002
0.812157
0.809306
0.806438
0.803562
0.800684
0.797793
0.794901
0.791998
0.789093
0.786174
0.783247
0.780320
0.777382
0.774432
0.771471
0.768498
0.765522
0.762545
0.759555
0.756555
0.753544
0.750514
0.747477
0.744433
0.741370
0.738307
0.735241
0.732166
0.729069
0.725968
0.722863
0.719735
0.716606
0.713470
0.710319
0.707158
0.703986
0.700809
0.697613
0.694405
0.691187
0.687963
0.684733
0.681492
0.678237
0.674969
0.671684
0.668390
0.665092
0.661787
0.658458
0.655102
0.651738
0.648371
0.644984
0.641591
0.638190
0.634761
0.631325
0.627876
0.624418
0.620941
0.617451
0.613934
0.610380
0.606824
0.603267
0.599706
0.596132
0.592544
0.588944
0.585316
0.581666
0.578011
0.574326
0.570625
0.566897
0.563147
0.559395
0.555628
0.551839
0.548003
0.544167
0.540301
0.536428
0.532550
0.528668
0.524783
0.520870
0.516930
0.512960
0.508971
0.504958
0.500919
0.496845
0.492753
0.488609
0.484446
0.480261
0.476056
0.471799
0.467498
0.463185
0.458832
0.454454
0.450042
0.445614
0.441166
0.436709
0.432232
0.427721
0.423176
0.418607
0.414003
0.409393
0.404690
0.399983
0.395230
0.390419
0.385564
0.380674
0.375725
0.370761
0.365728
0.360662
0.355585
0.350447
0.345308
0.340142
0.334905
0.329602
0.324198
0.318729
0.313213
0.307612
0.301997
0.296359
0.290601
0.284821
0.278925
0.272971
0.266873
0.260742
0.254511
0.248083
0.241592
0.234984
0.228261
0.221387
0.214396
0.207355
0.200125
0.192639
0.185122
0.177002
0.168753
0.160501
0.151560
0.142420
0.132980
0.122556
0.111865
0.100000
