1.100000
1.099073
1.098071
1.097047
1.095946
1.094814
1.093653
1.092459
1.091261
1.090035
1.088796
1.087525
1.086249
1.084971
1.083676
1.082375
1.081043
1.079675
1.078287
1.076883
1.075477
1.074051
1.072597
1.071138
1.069670
1.068164
1.066642
1.065107
1.063555
1.061990
1.060398
1.058792
1.057175
1.055544
1.053871
1.052195
1.050506
1.048812
1.047113
1.045411
1.043697
1.041963
1.040201
1.038436
1.036655
1.034871
1.033082
1.031280
1.029455
1.027626
1.025782
1.023923
1.022058
1.020173
1.018274
1.016355
1.014415
1.012463
1.010488
1.008511
1.006521
1.004529
1.002535
1.000528
0.998512
0.996491
0.994454
0.992417
0.990350
0.988270
0.986189
0.984106
0.982015
0.979924
0.977822
0.975708
0.973588
0.971467
0.969332
0.967177
0.965005
0.962829
0.960638
0.958439
0.956220
0.953985
0.951742
0.949496
0.947240
0.944980
0.942712
0.940442
0.938170
0.935886
0.933594
0.931289
0.928965
0.926634
0.924283
0.921906
0.919521
0.917121
0.914714
0.912304
0.909890
0.907471
0.905037
0.902600
0.900154
0.897698
0.895238
0.892759
0.890256
0.887750
0.885232
0.882701
0.880157
0.877604
0.875035
0.872464
0.869888
0.867297
0.864705
0.862088
0.859469
0.856843
0.854208
0.851568
0.848916
0.846262
0.843601
0.840917
0.838231
0.835533
0.832802
0.830060
0.827297
0.824527
0.821740
0.818931
0.816114
0.813294
0.810464
0.807609
0.804725
0.801840
0.798952
0.796058
0.793141
0.790217
0.787284
0.784342
0.781375
0.778406
0.775426
0.772437
0.769429
0.766413
0.763396
0.760357
0.757299
0.754214
0.751123
0.748014
0.744901
0.741778
0.738654
0.735511
0.732338
0.729151
0.725949
0.722720
0.719483
0.716238
0.712985
0.709718
0.706413
0.703108
0.699776
0.696431
0.693076
0.689691
0.686296
0.682851
0.679390
0.675928
0.672445
0.668947
0.665442
0.661919
0.658388
0.654824
0.651244
0.647617
0.643981
0.640326
0.636627
0.632908
0.629163
0.625411
0.621615
0.617797
0.613920
0.610038
0.606111
0.602163
0.598185
0.594180
0.590166
0.586133
0.582068
0.577948
0.573780
0.569574
0.565361
0.561134
0.556890
0.552607
0.548280
0.543948
0.539603
0.535200
0.530789
0.526349
0.521867
0.517337
0.512767
0.508164
0.503554
0.498852
0.494137
0.489405
0.484653
0.479850
0.475018
0.470133
0.465200
0.460211
0.455153
0.450086
0.444942
0.439728
0.434383
0.428997
0.423607
0.418152
0.412675
0.407146
0.401568
0.395928
0.390225
0.384358
0.378423
0.372368
0.366205
0.360022
0.353656
0.347247
0.340674
0.333999
0.327306
0.320522
0.313704
0.306821
0.299809
0.292693
0.285471
0.278145
0.270722
0.263224
0.255665
0.248010
0.240106
0.232086
0.223894
0.215565
0.206972
0.198221
0.189199
0.179752
0.170134
0.160126
0.149843
0.139163
0.127130
0.114373
0.100000
