1.100000
1.098790
1.097527
1.096219
1.094838
1.093456
1.091989
1.090408
1.088760
1.087086
1.085373
1.083627
1.081837
1.080002
1.078166
1.076319
1.074465
1.072606
1.070717
1.068770
1.066822
1.064848
1.062859
1.060859
1.058858
1.056831
1.054802
1.052753
1.050688
1.048608
1.046525
1.044409
1.042273
1.040121
1.037969
1.035810
1.033647
1.031471
1.029277
1.027052
1.024825
1.022581
1.020333
1.018074
1.015798
1.013508
1.011215
1.008917
1.006594
1.004261
1.001923
0.999577
0.997213
0.994836
0.992457
0.990072
0.987666
0.985259
0.982830
0.980392
0.977953
0.975499
0.973022
0.970544
0.968049
0.965540
0.963010
0.960476
0.957932
0.955386
0.952827
0.950248
0.947636
0.945024
0.942407
0.939759
0.937087
0.934406
0.931717
0.929015
0.926311
0.923602
0.920860
0.918106
0.915344
0.912569
0.909783
0.906984
0.904184
0.901375
0.898561
0.895732
0.892889
0.890045
0.887182
0.884302
0.881413
0.878513
0.875605
0.872684
0.869754
0.866808
0.863852
0.860891
0.857925
0.854947
0.851961
0.848963
0.845957
0.842933
0.839894
0.836848
0.833772
0.830693
0.827609
0.824517
0.821417
0.818309
0.815178
0.812033
0.808874
0.805702
0.802520
0.799334
0.796140
0.792935
0.789716
0.786490
0.783232
0.779958
0.776666
0.773367
0.770054
0.766734
0.763403
0.760068
0.756692
0.753316
0.749932
0.746538
0.743130
0.739717
0.736299
0.732857
0.729408
0.725938
0.722446
0.718936
0.715419
0.711894
0.708356
0.704805
0.701244
0.697665
0.694083
0.690492
0.686879
0.683251
0.679616
0.675959
0.672293
0.668625
0.664934
0.661227
0.657502
0.653763
0.650014
0.646245
0.642462
0.638663
0.634859
0.631047
0.627202
0.623339
0.619461
0.615577
0.611669
0.607729
0.603788
0.599809
0.595803
0.591787
0.587727
0.583656
0.579574
0.575476
0.571377
0.567254
0.563112
0.558937
0.554755
0.550549
0.546309
0.542030
0.537727
0.533398
0.529055
0.524676
0.520288
0.515849
0.511367
0.506882
0.502379
0.497856
0.493305
0.488697
0.484083
0.479441
0.474783
0.470094
0.465361
0.460615
0.455798
0.450973
0.446111
0.441209
0.436276
0.431314
0.426268
0.421192
0.416096
0.410915
0.405705
0.400412
0.395088
0.389744
0.384368
0.378936
0.373471
0.367927
0.362329
0.356686
0.350997
0.345265
0.339458
0.333573
0.327644
0.321617
0.315521
0.309291
0.302981
0.296544
0.290031
0.283261
0.276448
0.269469
0.262423
0.255235
0.247909
0.240505
0.232953
0.225285
0.217444
0.209360
0.201200
0.192930
0.184374
0.175593
0.166697
0.157096
0.147229
0.136576
0.125776
0.113707
0.100000
