1.100000
1.099758
1.099510
1.099261
1.099001
1.098734
1.098464
1.098193
1.097918
1.097632
1.097344
1.097053
1.096758
1.096457
1.096156
1.095850
1.095544
1.095235
1.094925
1.094604
1.094277
1.093947
1.093615
1.093282
1.092944
1.092603
1.092262
1.091919
1.091575
1.091228
1.090881
1.090530
1.090179
1.089826
1.089472
1.089113
1.088749
1.088385
1.088018
1.087649
1.087274
1.086895
1.086515
1.086134
1.085752
1.085369
1.084985
1.084594
1.084198
1.083800
1.083401
1.083001
1.082595
1.082185
1.081769
1.081352
1.080935
1.080515
1.080093
1.079671
1.079247
1.078821
1.078394
1.077966
1.077537
1.077101
1.076661
1.076220
1.075777
1.075334
1.074890
1.074445
1.073999
1.073550
1.073099
1.072648
1.072194
1.071740
1.071285
1.070828
1.070370
1.069912
1.069454
1.068994
1.068533
1.068070
1.067607
1.067144
1.066678
1.066211
1.065744
1.065277
1.064810
1.064337
1.063865
1.063392
1.062916
1.062438
1.061958
1.061478
1.060997
1.060515
1.060033
1.059548
1.059062
1.058574
1.058086
1.057596
1.057106
1.056616
1.056125
1.055633
1.055140
1.054646
1.054152
1.053656
1.053156
1.052656
1.052155
1.051653
1.051149
1.050644
1.050140
1.049633
1.049125
1.048615
1.048103
1.047591
1.047079
1.046567
1.046052
1.045536
1.045019
1.044501
1.043983
1.043465
1.042946
1.042425
1.041903
1.041381
1.040857
1.040332
1.039807
1.039280
1.038752
1.038224
1.037696
1.037165
1.036633
1.036102
1.035568
1.035033
1.034498
1.033962
1.033426
1.032889
1.032353
1.031816
1.031276
1.030733
1.030188
1.029643
1.029098
1.028552
1.028006
1.027459
1.026912
1.026364
1.025815
1.025266
1.024715
1.024165
1.023612
1.023057
1.022502
1.021946
1.021389
1.020832
1.020274
1.019715
1.019155
1.018594
1.018033
1.017471
1.016907
1.016344
1.015780
1.015215
1.014648
1.014081
1.013515
1.012947
1.012379
1.011810
1.011241
1.010672
1.010101
1.009529
1.008957
1.008384
1.007809
1.007233
1.006657
1.006080
1.005504
1.004924
1.004345
1.003765
1.003185
1.002604
1.002023
1.001441
1.000857
1.000272
0.999686
0.999101
0.998515
0.997929
0.997342
0.996754
0.996165
0.995575
0.994985
0.994393
0.993801
0.993208
0.992614
0.992018
0.991422
0.990826
0.990229
0.989631
0.989033
0.988434
0.987834
0.987232
0.986631
0.986028
0.985425
0.984822
0.984218
0.983613
0.983007
0.982402
0.981796
0.981190
0.980584
0.979977
0.979370
0.978762
0.978154
0.977545
0.976936
0.976327
0.975718
0.975106
0.974495
0.973882
0.973268
0.972654
0.972040
0.971425
0.970809
0.970192
0.969574
0.968956
0.968337
0.967717
0.967096
0.966473
0.965851
0.965227
0.964603
0.963977
0.963351
0.962724
0.962097
0.961467
0.960838
0.960208
0.959577
0.958947
0.958316
0.957684
0.957049
0.956415
0.955780
0.955145
0.954509
0.953873
0.953236
0.952598
0.951961
0.951323
0.950684
0.950046
0.949406
0.948767
0.948127
0.947485
0.946844
0.946202
0.945559
0.944916
0.944272
0.943624
0.942976
0.942327
0.941677
0.941026
0.940375
0.939724
0.939072
0.938420
0.937766
0.937112
0.936458
0.935804
0.935149
0.934494
0.933838
0.933181
0.932524
0.931866
0.931207
0.930547
0.929885
0.929223
0.928560
0.927897
0.927234
0.926570
0.925904
0.925237
0.924570
0.923902
0.923233
0.922564
0.921895
0.921225
0.920555
0.919884
0.919212
0.918541
0.917869
0.917196
0.916521
0.915847
0.915171
0.914495
0.913819
0.913142
0.912464
0.911786
0.911105
0.910425
0.909744
0.909063
0.908381
0.907697
0.907013
0.906329
0.905644
0.904958
0.904272
0.903586
0.902897
0.902209
0.901519
0.900829
0.900137
0.899445
0.898752
0.898060
0.897367
0.896674
0.895981
0.895286
0.894590
0.893894
0.893198
0.892500
0.891803
0.891105
0.890407
0.889706
0.889004
0.888303
0.887600
0.886897
0.886193
0.885488
0.884783
0.884077
0.883371
0.882663
0.881955
0.881247
0.880537
0.879826
0.879115
0.878403
0.877690
0.876976
0.876262
0.875546
0.874830
0.874113
0.873396
0.872678
0.871960
0.871241
0.870522
0.869802
0.869081
0.868359
0.867637
0.866915
0.866192
0.865468
0.864741
0.864015
0.863288
0.862560
0.861832
0.861103
0.860374
0.859644
0.858914
0.858183
0.857451
0.856720
0.855988
0.855255
0.854522
0.853788
0.853052
0.852317
0.851580
0.850844
0.850106
0.849368
0.848629
0.847890
0.847150
0.846408
0.845666
0.844923
0.844180
0.843436
0.842691
0.841946
0.841200
0.840452
0.839703
0.838955
0.838205
0.837455
0.836703
0.835950
0.835197
0.834443
0.833689
0.832934
0.832179
0.831424
0.830668
0.829912
0.829155
0.828397
0.827639
0.826880
0.826120
0.825360
0.824600
0.823839
0.823077
0.822314
0.821550
0.820786
0.820019
0.819253
0.818486
0.817719
0.816951
0.816183
0.815415
0.814645
0.813876
0.813104
0.812333
0.811561
0.810787
0.810014
0.809239
0.808464
0.807689
0.806912
0.806136
0.805359
0.804580
0.803800
0.803019
0.802237
0.801454
0.800670
0.799885
0.799100
0.798314
0.797527
0.796741
0.795953
0.795165
0.794376
0.793586
0.792796
0.792005
0.791212
0.790418
0.789624
0.788829
0.788034
0.787238
0.786442
0.785644
0.784845
0.784045
0.783245
0.782444
0.781642
0.780839
0.780036
0.779231
0.778425
0.777619
0.776813
0.776005
0.775197
0.774388
0.773580
0.772771
0.771960
0.771150
0.770339
0.769527
0.768714
0.767900
0.767085
0.766269
0.765451
0.764633
0.763813
0.762991
0.762170
0.761348
0.760526
0.759703
0.758879
0.758055
0.757229
0.756402
0.755574
0.754745
0.753915
0.753086
0.752256
0.751424
0.750592
0.749759
0.748924
0.748089
0.747253
0.746417
0.745578
0.744739
0.743900
0.743060
0.742219
0.741377
0.740534
0.739691
0.738847
0.738002
0.737157
0.736311
0.735464
0.734616
0.733766
0.732916
0.732064
0.731212
0.730358
0.729504
0.728649
0.727794
0.726937
0.726079
0.725220
0.724361
0.723502
0.722642
0.721781
0.720919
0.720055
0.719190
0.718324
0.717457
0.716589
0.715721
0.714852
0.713982
0.713112
0.712241
0.711369
0.710497
0.709624
0.708749
0.707874
0.706997
0.706120
0.705243
0.704363
0.703482
0.702600
0.701717
0.700834
0.699949
0.699062
0.698176
0.697288
0.696399
0.695510
0.694620
0.693729
0.692838
0.691946
0.691053
0.690160
0.689266
0.688371
0.687473
0.686575
0.685677
0.684777
0.683877
0.682975
0.682073
0.681170
0.680266
0.679362
0.678456
0.677550
0.676642
0.675734
0.674824
0.673914
0.673003
0.672091
0.671177
0.670263
0.669347
0.668431
0.667515
0.666597
0.665677
0.664756
0.663836
0.662913
0.661990
0.661066
0.660140
0.659214
0.658287
0.657358
0.656427
0.655496
0.654565
0.653632
0.652697
0.651762
0.650826
0.649889
0.648950
0.648011
0.647069
0.646128
0.645183
0.644239
0.643293
0.642345
0.641396
0.640445
0.639494
0.638541
0.637586
0.636630
0.635673
0.634716
0.633758
0.632798
0.631837
0.630876
0.629914
0.628951
0.627985
0.627017
0.626049
0.625079
0.624109
0.623138
0.622162
0.621187
0.620210
0.619233
0.618255
0.617276
0.616295
0.615314
0.614333
0.613350
0.612364
0.611378
0.610391
0.609403
0.608414
0.607422
0.606429
0.605435
0.604440
0.603445
0.602446
0.601448
0.600449
0.599450
0.598448
0.597446
0.596444
0.595439
0.594434
0.593428
0.592419
0.591409
0.590398
0.589386
0.588374
0.587359
0.586343
0.585325
0.584307
0.583286
0.582264
0.581241
0.580215
0.579189
0.578160
0.577130
0.576098
0.575066
0.574033
0.572999
0.571963
0.570923
0.569882
0.568836
0.567790
0.566743
0.565693
0.564643
0.563592
0.562540
0.561488
0.560434
0.559374
0.558315
0.557254
0.556193
0.555131
0.554068
0.553002
0.551935
0.550868
0.549800
0.548729
0.547659
0.546586
0.545512
0.544437
0.543361
0.542283
0.541204
0.540122
0.539039
0.537952
0.536865
0.535774
0.534681
0.533588
0.532492
0.531396
0.530297
0.529190
0.528081
0.526970
0.525858
0.524745
0.523630
0.522515
0.521398
0.520280
0.519161
0.518041
0.516918
0.515794
0.514666
0.513536
0.512403
0.511268
0.510134
0.508995
0.507856
0.506715
0.505570
0.504421
0.503268
0.502114
0.500958
0.499800
0.498642
0.497482
0.496320
0.495155
0.493990
0.492823
0.491656
0.490488
0.489317
0.488143
0.486968
0.485792
0.484612
0.483429
0.482244
0.481057
0.479867
0.478672
0.477474
0.476276
0.475075
0.473870
0.472663
0.471456
0.470248
0.469035
0.467821
0.466604
0.465384
0.464163
0.462939
0.461714
0.460488
0.459260
0.458030
0.456796
0.455560
0.454320
0.453079
0.451836
0.450589
0.449341
0.448089
0.446835
0.445578
0.444319
0.443059
0.441795
0.440526
0.439257
0.437986
0.436713
0.435439
0.434159
0.432876
0.431591
0.430303
0.429007
0.427710
0.426409
0.425102
0.423794
0.422478
0.421161
0.419839
0.418514
0.417186
0.415855
0.414518
0.413174
0.411825
0.410472
0.409115
0.407756
0.406393
0.405029
0.403662
0.402287
0.400905
0.399523
0.398140
0.396756
0.395370
0.393977
0.392584
0.391185
0.389782
0.388377
0.386967
0.385550
0.384133
0.382711
0.381287
0.379860
0.378430
0.376996
0.375558
0.374117
0.372668
0.371217
0.369758
0.368296
0.366832
0.365365
0.363889
0.362411
0.360926
0.359432
0.357935
0.356434
0.354931
0.353426
0.351912
0.350395
0.348871
0.347343
0.345814
0.344278
0.342739
0.341196
0.339644
0.338092
0.336535
0.334974
0.333404
0.331829
0.330249
0.328666
0.327078
0.325479
0.323874
0.322268
0.320656
0.319032
0.317403
0.315770
0.314130
0.312487
0.310838
0.309180
0.307515
0.305844
0.304171
0.302487
0.300799
0.299104
0.297402
0.295682
0.293958
0.292230
0.290495
0.288754
0.287006
0.285253
0.283490
0.281713
0.279930
0.278144
0.276344
0.274524
0.272700
0.270876
0.269043
0.267200
0.265349
0.263493
0.261620
0.259741
0.257852
0.255949
0.254041
0.252117
0.250188
0.248251
0.246307
0.244358
0.242401
0.240416
0.238427
0.236418
0.234395
0.232371
0.230338
0.228292
0.226234
0.224167
0.222085
0.219994
0.217892
0.215779
0.213655
0.211506
0.209341
0.207164
0.204979
0.202770
0.200554
0.198316
0.196064
0.193799
0.191513
0.189201
0.186877
0.184530
0.182159
0.179766
0.177358
0.174919
0.172443
0.169939
0.167421
0.164864
0.162270
0.159675
0.156991
0.154285
0.151545
0.148780
0.145905
0.142978
0.140045
0.137039
0.133983
0.130845
0.127584
0.124229
0.120807
0.117130
0.113301
0.109311
0.104821
0.100000
