1.100000
1.098901
1.097611
1.096155
1.094669
1.093156
1.091577
1.089956
1.088320
1.086662
1.084988
1.083285
1.081570
1.079810
1.078035
1.076257
1.074468
1.072624
1.070748
1.068844
1.066877
1.064903
1.062908
1.060905
1.058882
1.056833
1.054774
1.052706
1.050628
1.048530
1.046409
1.044268
1.042119
1.039951
1.037757
1.035562
1.033355
1.031141
1.028905
1.026632
1.024346
1.022045
1.019723
1.017380
1.015031
1.012658
1.010279
1.007890
1.005496
1.003098
1.000693
0.998272
0.995830
0.993352
0.990864
0.988361
0.985843
0.983313
0.980770
0.978211
0.975646
0.973055
0.970444
0.967828
0.965193
0.962544
0.959889
0.957230
0.954551
0.951869
0.949170
0.946460
0.943744
0.941005
0.938251
0.935491
0.932722
0.929945
0.927149
0.924339
0.921523
0.918690
0.915842
0.912961
0.910036
0.907111
0.904172
0.901214
0.898207
0.895192
0.892169
0.889104
0.886023
0.882938
0.879816
0.876686
0.873530
0.870360
0.867175
0.863977
0.860762
0.857541
0.854288
0.851010
0.847712
0.844408
0.841096
0.837770
0.834401
0.830999
0.827560
0.824101
0.820627
0.817122
0.813610
0.810079
0.806532
0.802983
0.799402
0.795801
0.792161
0.788510
0.784841
0.781143
0.777417
0.773655
0.769889
0.766079
0.762195
0.758283
0.754354
0.750404
0.746444
0.742465
0.738443
0.734398
0.730278
0.726131
0.721950
0.717758
0.713487
0.709206
0.704841
0.700476
0.696075
0.691636
0.687165
0.682661
0.678105
0.673514
0.668803
0.664012
0.659198
0.654312
0.649363
0.644298
0.639204
0.634049
0.628888
0.623709
0.618394
0.613043
0.607658
0.602177
0.596687
0.591116
0.585395
0.579557
0.573639
0.567690
0.561700
0.555660
0.549550
0.543356
0.537051
0.530654
0.524214
0.517747
0.511099
0.504402
0.497619
0.490720
0.483807
0.476699
0.469524
0.462286
0.454924
0.447361
0.439744
0.432014
0.424231
0.416312
0.408278
0.400157
0.391974
0.383606
0.374660
0.365655
0.356597
0.346892
0.337059
0.327177
0.316856
0.306268
0.295605
0.284886
0.273878
0.262763
0.251441
0.240030
0.228252
0.216370
0.204171
0.191536
0.178280
0.164476
0.150220
0.135412
0.119037
0.100000
