1.100000
1.096948
1.093685
1.090386
1.086843
1.083027
1.079199
1.075270
1.071140
1.066766
1.062281
1.057638
1.052930
1.048149
1.043359
1.038354
1.033312
1.028113
1.022705
1.017222
1.011702
1.006149
1.000463
0.994660
0.988846
0.982743
0.976568
0.970185
0.963765
0.957209
0.950440
0.943589
0.936575
0.929471
0.922294
0.915029
0.907596
0.900153
0.892554
0.884855
0.877153
0.869400
0.861404
0.853360
0.845238
0.837069
0.828565
0.819986
0.811306
0.802594
0.793697
0.784719
0.775607
0.766384
0.757139
0.747651
0.737732
0.727801
0.717401
0.706701
0.695837
0.684358
0.672322
0.659755
0.646982
0.634158
0.621082
0.607888
0.594532
0.580793
0.566718
0.552298
0.537287
0.521171
0.504749
0.487818
0.469703
0.450664
0.431054
0.409102
0.386312
0.363107
0.339030
0.313817
0.287649
0.256961
0.223284
0.184659
0.145826
0.100000
