1.100000
1.097481
1.094784
1.091630
1.088448
1.085068
1.081345
1.077385
1.073268
1.068976
1.064498
1.059960
1.055288
1.050378
1.045375
1.040355
1.035318
1.030246
1.025088
1.019874
1.014647
1.009396
1.004072
0.998593
0.993084
0.987470
0.981795
0.976091
0.970339
0.964543
0.958696
0.952783
0.946677
0.940506
0.934208
0.927817
0.921283
0.914644
0.907942
0.901209
0.894451
0.887524
0.880550
0.873510
0.866427
0.859303
0.852055
0.844700
0.837252
0.829647
0.821991
0.814048
0.806009
0.797810
0.789551
0.781158
0.772252
0.763296
0.754141
0.744881
0.735574
0.726170
0.716625
0.707018
0.697220
0.687236
0.676979
0.666439
0.655819
0.644736
0.633321
0.621685
0.609460
0.596633
0.583539
0.570107
0.556183
0.541910
0.527278
0.512417
0.497136
0.481461
0.465679
0.449042
0.431736
0.413689
0.395298
0.376181
0.355569
0.333302
0.309378
0.284957
0.259622
0.233106
0.204398
0.172555
0.137734
0.100000
