1.100000
1.096291
1.092103
1.087896
1.083544
1.079096
1.074598
1.070022
1.065411
1.060777
1.055965
1.051001
1.046022
1.040872
1.035557
1.030189
1.024716
1.019212
1.013647
1.007828
1.001974
0.996046
0.990050
0.984038
0.977878
0.971539
0.965129
0.958601
0.952046
0.945226
0.938360
0.931469
0.924355
0.916939
0.909410
0.901614
0.893661
0.885539
0.877365
0.869158
0.860924
0.852586
0.843971
0.834876
0.825683
0.816403
0.806700
0.796823
0.786877
0.776790
0.766379
0.755763
0.744930
0.733768
0.722029
0.710214
0.698052
0.685730
0.673160
0.660507
0.647670
0.634649
0.620877
0.606773
0.592023
0.576292
0.560076
0.543429
0.526532
0.509356
0.491959
0.474155
0.454318
0.433331
0.411022
0.386257
0.361036
0.334590
0.307401
0.279226
0.248603
0.215584
0.179535
0.142695
0.100000
