1.100000
1.099382
1.098748
1.098113
1.097464
1.096796
1.096074
1.095346
1.094598
1.093786
1.092969
1.092141
1.091264
1.090386
1.089495
1.088589
1.087657
1.086689
1.085708
1.084703
1.083687
1.082655
1.081621
1.080569
1.079484
1.078398
1.077309
1.076202
1.075079
1.073935
1.072781
1.071609
1.070433
1.069253
1.068070
1.066881
1.065685
1.064481
1.063270
1.062058
1.060842
1.059612
1.058378
1.057136
1.055890
1.054626
1.053345
1.052059
1.050762
1.049459
1.048150
1.046836
1.045512
1.044186
1.042857
1.041524
1.040184
1.038843
1.037500
1.036148
1.034785
1.033421
1.032049
1.030674
1.029296
1.027915
1.026526
1.025137
1.023733
1.022318
1.020900
1.019471
1.018034
1.016592
1.015143
1.013686
1.012225
1.010763
1.009296
1.007822
1.006341
1.004856
1.003365
1.001868
1.000370
0.998866
0.997360
0.995850
0.994332
0.992805
0.991271
0.989723
0.988171
0.986616
0.985053
0.983486
0.981914
0.980340
0.978748
0.977147
0.975537
0.973913
0.972284
0.970648
0.969010
0.967363
0.965708
0.964053
0.962392
0.960728
0.959057
0.957384
0.955706
0.954020
0.952324
0.950624
0.948923
0.947219
0.945511
0.943794
0.942069
0.940340
0.938610
0.936872
0.935128
0.933377
0.931620
0.929860
0.928099
0.926334
0.924560
0.922783
0.921003
0.919220
0.917414
0.915603
0.913790
0.911971
0.910149
0.908324
0.906482
0.904633
0.902776
0.900909
0.899037
0.897157
0.895276
0.893392
0.891492
0.889587
0.887672
0.885742
0.883811
0.881872
0.879931
0.877979
0.876022
0.874056
0.872087
0.870114
0.868133
0.866142
0.864146
0.862131
0.860107
0.858075
0.856038
0.853981
0.851918
0.849846
0.847771
0.845683
0.843588
0.841477
0.839362
0.837240
0.835109
0.832972
0.830817
0.828648
0.826464
0.824274
0.822073
0.819864
0.817650
0.815426
0.813198
0.810965
0.808724
0.806466
0.804179
0.801889
0.799589
0.797286
0.794972
0.792644
0.790313
0.787960
0.785598
0.783231
0.780859
0.778479
0.776091
0.773681
0.771267
0.768848
0.766426
0.763995
0.761549
0.759095
0.756630
0.754157
0.751670
0.749153
0.746627
0.744099
0.741559
0.739016
0.736468
0.733916
0.731345
0.728768
0.726171
0.723566
0.720951
0.718330
0.715674
0.713015
0.710324
0.707619
0.704903
0.702182
0.699449
0.696716
0.693955
0.691187
0.688409
0.685587
0.682754
0.679888
0.677006
0.674109
0.671191
0.668263
0.665315
0.662355
0.659363
0.656348
0.653322
0.650280
0.647212
0.644125
0.641011
0.637882
0.634748
0.631590
0.628411
0.625179
0.621919
0.618646
0.615314
0.611976
0.608565
0.605126
0.601677
0.598179
0.594657
0.591116
0.587533
0.583949
0.580340
0.576688
0.572997
0.569243
0.565461
0.561625
0.557780
0.553925
0.550024
0.546039
0.541952
0.537861
0.533723
0.529585
0.525333
0.521064
0.516763
0.512427
0.508064
0.503699
0.499297
0.494871
0.490445
0.485959
0.481320
0.476571
0.471786
0.466989
0.462165
0.457206
0.452237
0.447185
0.442078
0.436842
0.431502
0.426113
0.420691
0.415222
0.409689
0.403959
0.398186
0.392335
0.386416
0.380403
0.374342
0.368063
0.361623
0.355117
0.348581
0.341961
0.335027
0.327914
0.320681
0.313330
0.305693
0.297983
0.290229
0.282351
0.274275
0.266189
0.257800
0.249326
0.240662
0.231811
0.222841
0.213679
0.204436
0.194881
0.184951
0.174560
0.164053
0.153067
0.141263
0.128742
0.115261
0.100000
