1.100000
1.098862
1.097670
1.096389
1.095079
1.093611
1.092047
1.090429
1.088711
1.086976
1.085229
1.083357
1.081471
1.079581
1.077650
1.075698
1.073711
1.071716
1.069664
1.067607
1.065548
1.063470
1.061363
1.059235
1.057074
1.054892
1.052697
1.050475
1.048242
1.045998
1.043741
1.041480
1.039205
1.036915
1.034618
1.032290
1.029959
1.027614
1.025258
1.022898
1.020523
1.018142
1.015738
1.013329
1.010909
1.008464
1.006006
1.003524
1.001036
0.998519
0.995989
0.993455
0.990914
0.988342
0.985766
0.983186
0.980589
0.977962
0.975322
0.972677
0.969997
0.967311
0.964610
0.961904
0.959187
0.956457
0.953717
0.950960
0.948175
0.945387
0.942570
0.939751
0.936908
0.934059
0.931196
0.928305
0.925412
0.922505
0.919584
0.916661
0.913731
0.910791
0.907840
0.904887
0.901918
0.898946
0.895950
0.892946
0.889925
0.886897
0.883846
0.880785
0.877694
0.874594
0.871493
0.868366
0.865226
0.862072
0.858911
0.855748
0.852582
0.849405
0.846192
0.842965
0.839728
0.836480
0.833224
0.829951
0.826663
0.823357
0.820044
0.816721
0.813384
0.810019
0.806633
0.803247
0.799835
0.796406
0.792938
0.789423
0.785908
0.782388
0.778840
0.775260
0.771662
0.768063
0.764451
0.760828
0.757193
0.753556
0.749905
0.746227
0.742534
0.738829
0.735102
0.731330
0.727550
0.723750
0.719941
0.716120
0.712276
0.708379
0.704469
0.700541
0.696599
0.692622
0.688625
0.684601
0.680572
0.676523
0.672434
0.668342
0.664230
0.660070
0.655906
0.651718
0.647511
0.643283
0.639014
0.634725
0.630417
0.626083
0.621717
0.617342
0.612868
0.608387
0.603879
0.599348
0.594795
0.590234
0.585649
0.581010
0.576361
0.571701
0.567017
0.562297
0.557557
0.552787
0.547968
0.543130
0.538254
0.533353
0.528399
0.523420
0.518419
0.513382
0.508249
0.503113
0.497911
0.492698
0.487445
0.482095
0.476702
0.471246
0.465755
0.460235
0.454715
0.449133
0.443476
0.437735
0.431955
0.426013
0.420040
0.413976
0.407834
0.401656
0.395377
0.389011
0.382492
0.375920
0.369247
0.362475
0.355656
0.348767
0.341805
0.334728
0.327490
0.320235
0.312920
0.305544
0.298004
0.290418
0.282735
0.274957
0.267032
0.258907
0.250721
0.242167
0.233418
0.224571
0.215288
0.205763
0.196084
0.185839
0.175144
0.164283
0.153041
0.141244
0.128912
0.115201
0.100000
