1.100000
1.098818
1.097635
1.096319
1.095002
1.093614
1.092217
1.090800
1.089381
1.087954
1.086512
1.085018
1.083482
1.081940
1.080308
1.078554
1.076770
1.074975
1.073148
1.071305
1.069430
1.067542
1.065639
1.063709
1.061768
1.059822
1.057875
1.055888
1.053883
1.051773
1.049651
1.047527
1.045392
1.043226
1.041049
1.038860
1.036650
1.034404
1.032148
1.029872
1.027578
1.025268
1.022923
1.020569
1.018212
1.015800
1.013385
1.010937
1.008486
1.006029
1.003566
1.001086
0.998599
0.996075
0.993544
0.990994
0.988438
0.985870
0.983292
0.980706
0.978108
0.975496
0.972876
0.970254
0.967627
0.964995
0.962356
0.959709
0.957026
0.954337
0.951631
0.948862
0.946076
0.943280
0.940461
0.937640
0.934819
0.931974
0.929094
0.926209
0.923296
0.920381
0.917425
0.914426
0.911394
0.908353
0.905306
0.902245
0.899179
0.896104
0.892997
0.889875
0.886740
0.883596
0.880428
0.877251
0.874065
0.870867
0.867629
0.864379
0.861112
0.857839
0.854548
0.851243
0.847892
0.844530
0.841153
0.837762
0.834349
0.830919
0.827479
0.824030
0.820557
0.817052
0.813541
0.810016
0.806483
0.802930
0.799351
0.795760
0.792155
0.788530
0.784893
0.781214
0.777525
0.773825
0.770102
0.766349
0.762589
0.758810
0.755003
0.751156
0.747294
0.743427
0.739511
0.735573
0.731616
0.727641
0.723609
0.719555
0.715485
0.711374
0.707217
0.703048
0.698873
0.694655
0.690395
0.686097
0.681765
0.677383
0.672993
0.668592
0.664166
0.659721
0.655249
0.650762
0.646219
0.641656
0.637060
0.632443
0.627806
0.623154
0.618479
0.613757
0.609005
0.604206
0.599374
0.594517
0.589611
0.584677
0.579701
0.574659
0.569578
0.564494
0.559321
0.554136
0.548922
0.543658
0.538353
0.533001
0.527599
0.522167
0.516689
0.511138
0.505548
0.499819
0.493964
0.488095
0.482155
0.476149
0.470103
0.463993
0.457825
0.451597
0.445173
0.438719
0.432187
0.425540
0.418869
0.412197
0.405407
0.398484
0.391437
0.384193
0.376814
0.369387
0.361856
0.354154
0.346248
0.338199
0.329655
0.320974
0.312158
0.303246
0.294239
0.284901
0.275388
0.265827
0.255508
0.244986
0.234167
0.222953
0.211695
0.199932
0.187771
0.175217
0.162044
0.147940
0.133341
0.117704
0.100000
