1.100000
1.098919
1.097624
1.096211
1.094768
1.093088
1.091389
1.089589
1.087668
1.085730
1.083703
1.081673
1.079633
1.077590
1.075515
1.073414
1.071303
1.069155
1.066999
1.064823
1.062635
1.060389
1.058079
1.055759
1.053433
1.051051
1.048648
1.046218
1.043771
1.041321
1.038838
1.036351
1.033851
1.031349
1.028834
1.026311
1.023779
1.021219
1.018642
1.016052
1.013439
1.010821
1.008184
1.005515
1.002832
1.000142
0.997438
0.994711
0.991954
0.989192
0.986412
0.983631
0.980832
0.978025
0.975195
0.972356
0.969505
0.966640
0.963757
0.960860
0.957957
0.955048
0.952126
0.949194
0.946215
0.943235
0.940251
0.937235
0.934215
0.931187
0.928143
0.925089
0.922020
0.918929
0.915828
0.912720
0.909603
0.906476
0.903336
0.900181
0.897007
0.893827
0.890639
0.887424
0.884190
0.880948
0.877702
0.874429
0.871150
0.867853
0.864535
0.861206
0.857876
0.854530
0.851182
0.847829
0.844453
0.841066
0.837641
0.834201
0.830751
0.827288
0.823808
0.820313
0.816802
0.813280
0.809726
0.806164
0.802586
0.798990
0.795385
0.791760
0.788102
0.784429
0.780749
0.777058
0.773356
0.769641
0.765892
0.762119
0.758341
0.754538
0.750726
0.746886
0.743028
0.739160
0.735273
0.731360
0.727437
0.723489
0.719534
0.715541
0.711547
0.707525
0.703489
0.699417
0.695322
0.691201
0.687059
0.682899
0.678724
0.674546
0.670312
0.666038
0.661753
0.657439
0.653106
0.648763
0.644402
0.640023
0.635606
0.631177
0.626713
0.622239
0.617756
0.613237
0.608692
0.604121
0.599533
0.594896
0.590238
0.585541
0.580833
0.576109
0.571356
0.566573
0.561760
0.556913
0.552044
0.547166
0.542276
0.537332
0.532352
0.527347
0.522284
0.517199
0.512061
0.506880
0.501658
0.496426
0.491145
0.485828
0.480501
0.475092
0.469622
0.464078
0.458447
0.452733
0.446935
0.441101
0.435236
0.429266
0.423258
0.417200
0.411076
0.404912
0.398715
0.392406
0.386065
0.379705
0.373262
0.366789
0.360249
0.353644
0.346901
0.340141
0.333323
0.326252
0.319095
0.311860
0.304569
0.296990
0.289308
0.281534
0.273573
0.265574
0.257477
0.249285
0.240943
0.232366
0.223593
0.214642
0.205142
0.195429
0.185492
0.175099
0.164262
0.153147
0.141388
0.129129
0.115505
0.100000
