1.100000
1.098882
1.097639
1.096382
1.095032
1.093627
1.092202
1.090775
1.089300
1.087755
1.086098
1.084434
1.082768
1.081035
1.079282
1.077504
1.075710
1.073790
1.071862
1.069902
1.067931
1.065940
1.063936
1.061899
1.059852
1.057795
1.055712
1.053625
1.051511
1.049390
1.047263
1.045129
1.042966
1.040803
1.038624
1.036430
1.034229
1.032011
1.029773
1.027525
1.025273
1.023019
1.020736
1.018441
1.016138
1.013834
1.011528
1.009207
1.006883
1.004529
1.002156
0.999747
0.997322
0.994867
0.992399
0.989927
0.987451
0.984948
0.982434
0.979905
0.977350
0.974785
0.972216
0.969600
0.966967
0.964333
0.961659
0.958967
0.956265
0.953556
0.950835
0.948096
0.945350
0.942570
0.939777
0.936957
0.934108
0.931248
0.928384
0.925511
0.922602
0.919684
0.916744
0.913802
0.910849
0.907885
0.904916
0.901929
0.898936
0.895934
0.892918
0.889886
0.886846
0.883801
0.880728
0.877636
0.874539
0.871424
0.868290
0.865151
0.861985
0.858791
0.855575
0.852341
0.849102
0.845861
0.842615
0.839335
0.836050
0.832753
0.829433
0.826087
0.822730
0.819359
0.815952
0.812539
0.809092
0.805623
0.802134
0.798615
0.795092
0.791538
0.787950
0.784354
0.780753
0.777131
0.773501
0.769870
0.766217
0.762539
0.758825
0.755087
0.751339
0.747561
0.743775
0.739977
0.736145
0.732279
0.728413
0.724528
0.720634
0.716705
0.712769
0.708817
0.704821
0.700818
0.696762
0.692691
0.688572
0.684434
0.680281
0.676116
0.671903
0.667677
0.663439
0.659185
0.654894
0.650547
0.646174
0.641717
0.637223
0.632697
0.628158
0.623589
0.618984
0.614370
0.609749
0.605068
0.600372
0.595636
0.590842
0.586034
0.581201
0.576314
0.571415
0.566454
0.561469
0.556460
0.551422
0.546351
0.541233
0.536054
0.530835
0.525610
0.520322
0.515009
0.509618
0.504138
0.498605
0.493005
0.487393
0.481759
0.475934
0.470052
0.464149
0.458221
0.452271
0.446187
0.440066
0.433917
0.427750
0.421564
0.415168
0.408698
0.402216
0.395640
0.389011
0.382285
0.375462
0.368565
0.361516
0.354441
0.347184
0.339775
0.332335
0.324669
0.316811
0.308770
0.300619
0.292304
0.283694
0.274875
0.265925
0.256811
0.247519
0.237964
0.228187
0.217807
0.207139
0.195638
0.183966
0.171707
0.159065
0.146032
0.131926
0.116853
0.100000
