1.100000
1.097462
1.094885
1.092294
1.089627
1.086826
1.084013
1.081062
1.077945
1.074771
1.071581
1.068296
1.064999
1.061654
1.058236
1.054740
1.051219
1.047617
1.043966
1.040287
1.036608
1.032816
1.028985
1.025033
1.021075
1.017098
1.013067
1.008999
1.004837
1.000617
0.996334
0.991995
0.987626
0.983206
0.978781
0.974331
0.969822
0.965279
0.960650
0.955980
0.951268
0.946548
0.941811
0.937054
0.932228
0.927321
0.922370
0.917375
0.912377
0.907347
0.902256
0.897131
0.891986
0.886822
0.881597
0.876314
0.871007
0.865650
0.860292
0.854917
0.849492
0.844054
0.838585
0.832980
0.827358
0.821685
0.815992
0.810256
0.804507
0.798746
0.792894
0.787027
0.781121
0.775155
0.769165
0.763154
0.757137
0.750969
0.744749
0.738446
0.732126
0.725802
0.719462
0.713002
0.706510
0.699970
0.693343
0.686701
0.680008
0.673288
0.666537
0.659718
0.652834
0.645931
0.638908
0.631824
0.624713
0.617493
0.610151
0.602677
0.595189
0.587651
0.580031
0.572350
0.564625
0.556716
0.548712
0.540559
0.532316
0.524052
0.515671
0.507105
0.498492
0.489748
0.480979
0.471962
0.462870
0.453589
0.444141
0.434627
0.424978
0.415108
0.405116
0.394956
0.384696
0.374381
0.363730
0.352963
0.342121
0.331159
0.319785
0.308125
0.296454
0.284522
0.272169
0.259541
0.246720
0.233396
0.219335
0.205033
0.190325
0.174725
0.157902
0.140331
0.121757
0.100000
