1.100000
1.099766
1.099529
1.099291
1.099044
1.098786
1.098511
1.098217
1.097916
1.097607
1.097295
1.096981
1.096647
1.096313
1.095963
1.095608
1.095252
1.094893
1.094534
1.094155
1.093766
1.093368
1.092965
1.092562
1.092154
1.091746
1.091332
1.090916
1.090500
1.090079
1.089656
1.089233
1.088805
1.088373
1.087935
1.087485
1.087031
1.086575
1.086114
1.085638
1.085161
1.084683
1.084203
1.083713
1.083219
1.082725
1.082227
1.081725
1.081223
1.080719
1.080214
1.079706
1.079192
1.078672
1.078145
1.077617
1.077086
1.076547
1.076007
1.075464
1.074919
1.074371
1.073822
1.073264
1.072705
1.072144
1.071581
1.071013
1.070445
1.069873
1.069297
1.068721
1.068138
1.067554
1.066965
1.066373
1.065781
1.065188
1.064591
1.063990
1.063383
1.062770
1.062158
1.061544
1.060913
1.060282
1.059649
1.059014
1.058377
1.057739
1.057099
1.056456
1.055812
1.055166
1.054518
1.053869
1.053218
1.052564
1.051910
1.051255
1.050598
1.049940
1.049281
1.048621
1.047960
1.047294
1.046626
1.045957
1.045288
1.044617
1.043945
1.043271
1.042590
1.041906
1.041220
1.040532
1.039843
1.039153
1.038462
1.037770
1.037076
1.036382
1.035687
1.034991
1.034295
1.033599
1.032901
1.032196
1.031491
1.030786
1.030079
1.029370
1.028658
1.027944
1.027228
1.026511
1.025791
1.025070
1.024347
1.023623
1.022899
1.022172
1.021443
1.020714
1.019985
1.019255
1.018525
1.017793
1.017060
1.016324
1.015582
1.014838
1.014093
1.013348
1.012602
1.011854
1.011104
1.010351
1.009598
1.008844
1.008090
1.007333
1.006577
1.005821
1.005060
1.004297
1.003532
1.002768
1.002002
1.001236
1.000465
0.999695
0.998921
0.998145
0.997366
0.996584
0.995802
0.995017
0.994232
0.993446
0.992659
0.991869
0.991078
0.990285
0.989492
0.988697
0.987902
0.987106
0.986310
0.985513
0.984715
0.983916
0.983116
0.982316
0.981512
0.980708
0.979903
0.979097
0.978291
0.977479
0.976668
0.975854
0.975041
0.974226
0.973409
0.972592
0.971774
0.970953
0.970131
0.969308
0.968485
0.967659
0.966832
0.966005
0.965176
0.964344
0.963511
0.962678
0.961844
0.961009
0.960172
0.959334
0.958495
0.957654
0.956813
0.955971
0.955129
0.954286
0.953442
0.952598
0.951752
0.950906
0.950058
0.949208
0.948355
0.947501
0.946647
0.945791
0.944935
0.944077
0.943218
0.942354
0.941490
0.940625
0.939759
0.938892
0.938023
0.937153
0.936282
0.935411
0.934538
0.933662
0.932786
0.931907
0.931027
0.930147
0.929266
0.928385
0.927504
0.926621
0.925739
0.924847
0.923956
0.923061
0.922166
0.921271
0.920374
0.919475
0.918574
0.917671
0.916768
0.915865
0.914960
0.914053
0.913146
0.912238
0.911330
0.910419
0.909508
0.908596
0.907682
0.906768
0.905852
0.904934
0.904016
0.903095
0.902174
0.901251
0.900327
0.899402
0.898475
0.897548
0.896618
0.895688
0.894755
0.893821
0.892885
0.891948
0.891009
0.890069
0.889128
0.888186
0.887243
0.886299
0.885355
0.884410
0.883463
0.882516
0.881565
0.880613
0.879659
0.878705
0.877749
0.876793
0.875837
0.874880
0.873921
0.872961
0.871999
0.871035
0.870069
0.869102
0.868131
0.867159
0.866185
0.865209
0.864233
0.863257
0.862279
0.861297
0.860313
0.859328
0.858341
0.857355
0.856367
0.855378
0.854385
0.853393
0.852399
0.851401
0.850402
0.849398
0.848394
0.847389
0.846381
0.845371
0.844360
0.843345
0.842327
0.841308
0.840288
0.839267
0.838244
0.837221
0.836196
0.835168
0.834139
0.833109
0.832078
0.831046
0.830013
0.828979
0.827944
0.826908
0.825869
0.824830
0.823788
0.822746
0.821704
0.820659
0.819612
0.818561
0.817510
0.816457
0.815403
0.814348
0.813291
0.812229
0.811166
0.810100
0.809033
0.807965
0.806896
0.805824
0.804751
0.803677
0.802595
0.801512
0.800428
0.799342
0.798257
0.797170
0.796082
0.794988
0.793893
0.792797
0.791699
0.790600
0.789496
0.788391
0.787284
0.786177
0.785070
0.783959
0.782848
0.781734
0.780618
0.779501
0.778381
0.777262
0.776140
0.775017
0.773894
0.772768
0.771640
0.770510
0.769378
0.768245
0.767108
0.765971
0.764831
0.763690
0.762547
0.761401
0.760256
0.759110
0.757962
0.756812
0.755657
0.754502
0.753343
0.752183
0.751020
0.749855
0.748689
0.747522
0.746354
0.745184
0.744010
0.742836
0.741662
0.740485
0.739307
0.738127
0.736945
0.735761
0.734577
0.733388
0.732198
0.731007
0.729816
0.728623
0.727426
0.726228
0.725028
0.723826
0.722621
0.721411
0.720199
0.718984
0.717768
0.716546
0.715323
0.714091
0.712859
0.711625
0.710389
0.709152
0.707915
0.706675
0.705433
0.704189
0.702943
0.701694
0.700443
0.699190
0.697935
0.696678
0.695416
0.694148
0.692881
0.691611
0.690339
0.689063
0.687786
0.686508
0.685225
0.683940
0.682650
0.681359
0.680062
0.678763
0.677461
0.676157
0.674853
0.673546
0.672234
0.670921
0.669606
0.668288
0.666969
0.665647
0.664319
0.662990
0.661659
0.660323
0.658987
0.657647
0.656303
0.654957
0.653611
0.652263
0.650910
0.649557
0.648202
0.646844
0.645481
0.644118
0.642753
0.641386
0.640012
0.638638
0.637262
0.635882
0.634500
0.633115
0.631729
0.630339
0.628948
0.627553
0.626158
0.624760
0.623361
0.621961
0.620558
0.619151
0.617743
0.616332
0.614917
0.613500
0.612083
0.610661
0.609236
0.607810
0.606380
0.604948
0.603513
0.602073
0.600626
0.599179
0.597728
0.596270
0.594812
0.593350
0.591888
0.590425
0.588959
0.587488
0.586017
0.584546
0.583068
0.581587
0.580105
0.578618
0.577127
0.575632
0.574134
0.572630
0.571125
0.569618
0.568107
0.566593
0.565074
0.563552
0.562024
0.560495
0.558962
0.557427
0.555889
0.554345
0.552797
0.551248
0.549692
0.548133
0.546572
0.545009
0.543441
0.541866
0.540289
0.538710
0.537126
0.535540
0.533949
0.532355
0.530759
0.529160
0.527553
0.525945
0.524332
0.522716
0.521094
0.519465
0.517833
0.516200
0.514562
0.512921
0.511268
0.509615
0.507958
0.506297
0.504629
0.502957
0.501284
0.499608
0.497929
0.496249
0.494564
0.492876
0.491184
0.489486
0.487779
0.486069
0.484357
0.482638
0.480908
0.479173
0.477431
0.475686
0.473931
0.472169
0.470407
0.468642
0.466862
0.465080
0.463289
0.461497
0.459699
0.457897
0.456091
0.454268
0.452438
0.450603
0.448765
0.446916
0.445064
0.443205
0.441336
0.439464
0.437585
0.435702
0.433814
0.431919
0.430017
0.428102
0.426175
0.424241
0.422301
0.420352
0.418398
0.416441
0.414482
0.412521
0.410545
0.408559
0.406567
0.404569
0.402561
0.400546
0.398512
0.396469
0.394422
0.392364
0.390287
0.388202
0.386110
0.384010
0.381904
0.379782
0.377639
0.375482
0.373320
0.371154
0.368980
0.366788
0.364594
0.362396
0.360191
0.357963
0.355719
0.353469
0.351208
0.348939
0.346664
0.344375
0.342067
0.339753
0.337414
0.335073
0.332717
0.330348
0.327972
0.325581
0.323176
0.320750
0.318310
0.315852
0.313386
0.310894
0.308392
0.305886
0.303361
0.300817
0.298257
0.295690
0.293093
0.290455
0.287795
0.285135
0.282464
0.279763
0.277052
0.274318
0.271560
0.268790
0.265986
0.263166
0.260323
0.257468
0.254588
0.251700
0.248779
0.245826
0.242846
0.239837
0.236807
0.233735
0.230629
0.227487
0.224270
0.221031
0.217771
0.214486
0.211153
0.207786
0.204404
0.200990
0.197498
0.193966
0.190403
0.186776
0.183124
0.179405
0.175613
0.171778
0.167879
0.163936
0.159938
0.155831
0.151633
0.147310
0.142872
0.138312
0.133652
0.128812
0.123795
0.118496
0.112886
0.106773
0.100000
