1.100000
1.098559
1.097086
1.095548
1.093972
1.092374
1.090731
1.089083
1.087383
1.085670
1.083931
1.082177
1.080406
1.078574
1.076730
1.074861
1.072983
1.071103
1.069215
1.067325
1.065418
1.063492
1.061509
1.059522
1.057523
1.055504
1.053478
1.051448
1.049378
1.047289
1.045178
1.043036
1.040860
1.038684
1.036503
1.034310
1.032113
1.029892
1.027661
1.025430
1.023192
1.020950
1.018705
1.016441
1.014174
1.011883
1.009591
1.007289
1.004984
1.002670
1.000353
0.998033
0.995707
0.993380
0.991048
0.988694
0.986329
0.983960
0.981589
0.979210
0.976831
0.974430
0.972018
0.969600
0.967180
0.964751
0.962314
0.959870
0.957414
0.954943
0.952462
0.949957
0.947451
0.944933
0.942402
0.939849
0.937293
0.934722
0.932150
0.929574
0.926991
0.924404
0.921815
0.919217
0.916611
0.913983
0.911344
0.908702
0.906052
0.903394
0.900735
0.898074
0.895405
0.892728
0.890045
0.887355
0.884652
0.881947
0.879236
0.876508
0.873775
0.871037
0.868298
0.865534
0.862768
0.860000
0.857223
0.854441
0.851648
0.848851
0.846042
0.843224
0.840402
0.837577
0.834743
0.831886
0.829022
0.826146
0.823262
0.820366
0.817459
0.814548
0.811632
0.808713
0.805792
0.802866
0.799931
0.796990
0.794040
0.791084
0.788117
0.785129
0.782118
0.779093
0.776046
0.772993
0.769935
0.766870
0.763799
0.760718
0.757618
0.754512
0.751402
0.748267
0.745130
0.741991
0.738840
0.735678
0.732500
0.729318
0.726129
0.722921
0.719711
0.716488
0.713260
0.710028
0.706783
0.703536
0.700280
0.697016
0.693736
0.690438
0.687128
0.683811
0.680492
0.677161
0.673826
0.670485
0.667135
0.663759
0.660372
0.656974
0.653558
0.650131
0.646697
0.643256
0.639781
0.636297
0.632811
0.629307
0.625794
0.622258
0.618711
0.615151
0.611571
0.607979
0.604359
0.600736
0.597098
0.593450
0.589782
0.586094
0.582392
0.578682
0.574960
0.571232
0.567471
0.563706
0.559929
0.556140
0.552331
0.548508
0.544654
0.540795
0.536914
0.533003
0.529080
0.525132
0.521171
0.517192
0.513195
0.509160
0.505117
0.501067
0.497001
0.492914
0.488819
0.484687
0.480546
0.476386
0.472220
0.468017
0.463782
0.459533
0.455247
0.450893
0.446531
0.442136
0.437704
0.433249
0.428758
0.424235
0.419691
0.415122
0.410535
0.405886
0.401217
0.396498
0.391701
0.386862
0.382004
0.377117
0.372216
0.367253
0.362264
0.357274
0.352188
0.347066
0.341882
0.336672
0.331404
0.326131
0.320792
0.315404
0.310007
0.304509
0.298970
0.293274
0.287556
0.281748
0.275885
0.269919
0.263949
0.257877
0.251714
0.245482
0.239231
0.232791
0.226336
0.219663
0.212941
0.205996
0.199019
0.191708
0.184084
0.176260
0.168263
0.160112
0.151542
0.142608
0.133601
0.123775
0.112285
0.100000
