1.100000
1.098477
1.096797
1.095114
1.093316
1.091479
1.089628
1.087743
1.085731
1.083671
1.081572
1.079445
1.077313
1.075174
1.072977
1.070711
1.068408
1.066072
1.063709
1.061282
1.058852
1.056399
1.053925
1.051447
1.048947
1.046424
1.043898
1.041361
1.038788
1.036188
1.033583
1.030973
1.028359
1.025710
1.023033
1.020346
1.017644
1.014939
1.012227
1.009507
1.006778
1.004032
1.001274
0.998496
0.995716
0.992920
0.990037
0.987149
0.984255
0.981358
0.978454
0.975542
0.972601
0.969654
0.966692
0.963727
0.960733
0.957730
0.954726
0.951713
0.948691
0.945639
0.942571
0.939494
0.936407
0.933311
0.930192
0.927063
0.923927
0.920771
0.917608
0.914438
0.911255
0.908065
0.904868
0.901659
0.898441
0.895210
0.891972
0.888731
0.885483
0.882229
0.878962
0.875672
0.872377
0.869067
0.865752
0.862431
0.859097
0.855756
0.852399
0.849032
0.845654
0.842276
0.838876
0.835456
0.832033
0.828598
0.825152
0.821674
0.818187
0.814694
0.811194
0.807668
0.804141
0.800606
0.797065
0.793498
0.789923
0.786338
0.782739
0.779127
0.775509
0.771879
0.768242
0.764573
0.760896
0.757207
0.753503
0.749790
0.746050
0.742302
0.738542
0.734776
0.731005
0.727214
0.723421
0.719613
0.715794
0.711959
0.708119
0.704267
0.700410
0.696529
0.692637
0.688734
0.684808
0.680870
0.676921
0.672919
0.668913
0.664900
0.660866
0.656814
0.652742
0.648653
0.644553
0.640445
0.636314
0.632162
0.627992
0.623812
0.619609
0.615377
0.611130
0.606874
0.602604
0.598312
0.593999
0.589675
0.585319
0.580943
0.576537
0.572120
0.567669
0.563181
0.558686
0.554161
0.549619
0.545045
0.540420
0.535786
0.531132
0.526442
0.521711
0.516943
0.512148
0.507311
0.502462
0.497582
0.492637
0.487682
0.482716
0.477664
0.472605
0.467543
0.462450
0.457342
0.452183
0.447009
0.441816
0.436508
0.431130
0.425705
0.420254
0.414719
0.409184
0.403589
0.397945
0.392196
0.386438
0.380620
0.374758
0.368873
0.362873
0.356730
0.350536
0.344277
0.337971
0.331602
0.325166
0.318668
0.312138
0.305545
0.298737
0.291910
0.285025
0.278084
0.270977
0.263778
0.256471
0.249084
0.241502
0.233879
0.226174
0.218198
0.210097
0.201843
0.193491
0.184983
0.175925
0.166579
0.156985
0.146754
0.136262
0.125288
0.113368
0.100000
