1.100000
1.098171
1.096327
1.094407
1.092335
1.090256
1.088114
1.085915
1.083714
1.081436
1.079132
1.076825
1.074505
1.072116
1.069724
1.067326
1.064878
1.062399
1.059894
1.057385
1.054797
1.052157
1.049473
1.046768
1.044032
1.041276
1.038516
1.035737
1.032955
1.030161
1.027337
1.024479
1.021602
1.018702
1.015733
1.012737
1.009733
1.006702
1.003656
1.000609
0.997546
0.994470
0.991382
0.988257
0.985121
0.981977
0.978828
0.975644
0.972451
0.969245
0.966014
0.962778
0.959535
0.956282
0.953028
0.949751
0.946465
0.943166
0.939854
0.936526
0.933161
0.929795
0.926418
0.923033
0.919632
0.916190
0.912735
0.909272
0.905796
0.902291
0.898772
0.895251
0.891726
0.888195
0.884656
0.881112
0.877548
0.873953
0.870337
0.866688
0.863027
0.859352
0.855673
0.851980
0.848271
0.844550
0.840814
0.837056
0.833292
0.829499
0.825693
0.821878
0.818045
0.814195
0.810331
0.806457
0.802579
0.798683
0.794778
0.790856
0.786931
0.782989
0.779042
0.775088
0.771100
0.767113
0.763093
0.759065
0.755027
0.750980
0.746900
0.742817
0.738728
0.734613
0.730477
0.726332
0.722174
0.717989
0.713794
0.709582
0.705362
0.701126
0.696868
0.692579
0.688276
0.683941
0.679595
0.675243
0.670862
0.666478
0.662071
0.657661
0.653216
0.648763
0.644305
0.639832
0.635349
0.630844
0.626318
0.621772
0.617210
0.612634
0.608038
0.603408
0.598735
0.594033
0.589316
0.584577
0.579816
0.575022
0.570207
0.565334
0.560454
0.555499
0.550541
0.545573
0.540579
0.535555
0.530484
0.525408
0.520308
0.515175
0.510003
0.504785
0.499550
0.494283
0.489013
0.483691
0.478316
0.472912
0.467509
0.462091
0.456648
0.451176
0.445656
0.440075
0.434434
0.428770
0.423090
0.417402
0.411646
0.405827
0.399872
0.393855
0.387833
0.381766
0.375581
0.369361
0.363062
0.356704
0.350317
0.343871
0.337372
0.330792
0.324103
0.317371
0.310596
0.303709
0.296747
0.289662
0.282562
0.275378
0.268135
0.260665
0.253040
0.245371
0.237512
0.229511
0.221313
0.213069
0.204765
0.196255
0.187489
0.178396
0.169016
0.159363
0.149289
0.138531
0.126971
0.114201
0.100000
