1.100000
1.098529
1.097021
1.095445
1.093845
1.092209
1.090532
1.088819
1.087102
1.085369
1.083601
1.081819
1.079965
1.078081
1.076190
1.074272
1.072305
1.070324
1.068334
1.066320
1.064298
1.062256
1.060212
1.058164
1.056087
1.053957
1.051803
1.049630
1.047449
1.045258
1.043063
1.040846
1.038617
1.036373
1.034110
1.031823
1.029499
1.027125
1.024725
1.022324
1.019919
1.017487
1.015050
1.012581
1.010108
1.007627
1.005137
1.002619
1.000061
0.997483
0.994887
0.992271
0.989648
0.987016
0.984377
0.981720
0.979054
0.976372
0.973683
0.970991
0.968273
0.965547
0.962815
0.960069
0.957298
0.954517
0.951736
0.948940
0.946133
0.943313
0.940476
0.937637
0.934794
0.931932
0.929050
0.926165
0.923272
0.920366
0.917441
0.914515
0.911584
0.908640
0.905670
0.902697
0.899717
0.896729
0.893722
0.890697
0.887671
0.884642
0.881605
0.878567
0.875515
0.872462
0.869392
0.866318
0.863231
0.860132
0.857026
0.853905
0.850775
0.847642
0.844494
0.841342
0.838173
0.834991
0.831800
0.828594
0.825382
0.822163
0.818940
0.815714
0.812477
0.809213
0.805947
0.802674
0.799392
0.796101
0.792795
0.789468
0.786129
0.782779
0.779422
0.776062
0.772691
0.769311
0.765930
0.762542
0.759149
0.755748
0.752339
0.748915
0.745482
0.742045
0.738588
0.735109
0.731614
0.728092
0.724569
0.721020
0.717454
0.713870
0.710276
0.706678
0.703068
0.699445
0.695818
0.692187
0.688534
0.684869
0.681189
0.677498
0.673799
0.670097
0.666372
0.662594
0.658809
0.655015
0.651208
0.647382
0.643549
0.639714
0.635856
0.631990
0.628111
0.624230
0.620323
0.616395
0.612451
0.608504
0.604544
0.600574
0.596575
0.592571
0.588534
0.584486
0.580426
0.576347
0.572255
0.568126
0.563978
0.559810
0.555634
0.551417
0.547169
0.542866
0.538537
0.534194
0.529840
0.525484
0.521104
0.516693
0.512230
0.507763
0.503263
0.498732
0.494199
0.489637
0.485070
0.480474
0.475837
0.471166
0.466466
0.461759
0.456986
0.452209
0.447382
0.442546
0.437702
0.432822
0.427895
0.422954
0.418000
0.413017
0.407958
0.402853
0.397707
0.392517
0.387282
0.382014
0.376720
0.371401
0.366045
0.360645
0.355185
0.349668
0.344095
0.338425
0.332732
0.326991
0.321183
0.315320
0.309325
0.303325
0.297318
0.291165
0.284899
0.278557
0.272189
0.265706
0.259095
0.252441
0.245771
0.238833
0.231846
0.224798
0.217723
0.210359
0.202913
0.195052
0.187175
0.179062
0.170770
0.162222
0.153068
0.143811
0.134153
0.123426
0.112585
0.100000
