1.100000
1.098056
1.095896
1.093663
1.091385
1.088819
1.086198
1.083507
1.080802
1.078065
1.075294
1.072379
1.069426
1.066453
1.063455
1.060429
1.057373
1.054259
1.051129
1.047972
1.044802
1.041616
1.038411
1.035196
1.031970
1.028741
1.025506
1.022235
1.018950
1.015647
1.012342
1.009011
1.005669
1.002306
0.998939
0.995571
0.992192
0.988793
0.985352
0.981893
0.978417
0.974936
0.971438
0.967934
0.964419
0.960894
0.957360
0.953808
0.950245
0.946639
0.943009
0.939376
0.935732
0.932063
0.928373
0.924672
0.920934
0.917184
0.913377
0.909543
0.905697
0.901844
0.897978
0.894095
0.890185
0.886246
0.882301
0.878334
0.874352
0.870357
0.866325
0.862278
0.858226
0.854171
0.850104
0.846023
0.841935
0.837833
0.833706
0.829535
0.825359
0.821159
0.816948
0.812722
0.808490
0.804243
0.799968
0.795674
0.791368
0.787040
0.782705
0.778345
0.773975
0.769592
0.765198
0.760788
0.756356
0.751904
0.747442
0.742978
0.738486
0.733979
0.729460
0.724913
0.720339
0.715721
0.711093
0.706444
0.701756
0.697048
0.692303
0.687552
0.682772
0.677966
0.673147
0.668300
0.663433
0.658553
0.653642
0.648680
0.643678
0.638648
0.633596
0.628506
0.623393
0.618241
0.613068
0.607873
0.602672
0.597465
0.592219
0.586936
0.581651
0.576351
0.571028
0.565684
0.560305
0.554895
0.549461
0.543993
0.538501
0.532943
0.527358
0.521729
0.516032
0.510320
0.504576
0.498749
0.492915
0.487030
0.481142
0.475231
0.469282
0.463275
0.457169
0.451045
0.444853
0.438602
0.432268
0.425898
0.419468
0.412989
0.406466
0.399879
0.393166
0.386361
0.379473
0.372570
0.365566
0.358557
0.351536
0.344386
0.337189
0.329823
0.322329
0.314754
0.307106
0.299400
0.291609
0.283564
0.275474
0.267314
0.258971
0.250512
0.241894
0.233193
0.224220
0.215086
0.205751
0.196150
0.186432
0.176084
0.165375
0.153825
0.142107
0.129619
0.116003
0.100000
