1.100000
1.098463
1.096896
1.095130
1.093346
1.091551
1.089607
1.087577
1.085522
1.083448
1.081349
1.079246
1.077125
1.075001
1.072828
1.070626
1.068404
1.066080
1.063740
1.061366
1.058990
1.056588
1.054181
1.051759
1.049316
1.046842
1.044355
1.041856
1.039353
1.036825
1.034229
1.031626
1.029009
1.026386
1.023754
1.021117
1.018467
1.015806
1.013141
1.010466
1.007778
1.005077
1.002373
0.999664
0.996943
0.994201
0.991434
0.988665
0.985881
0.983093
0.980277
0.977439
0.974599
0.971746
0.968889
0.966029
0.963139
0.960234
0.957321
0.954402
0.951458
0.948499
0.945539
0.942575
0.939605
0.936607
0.933608
0.930586
0.927556
0.924501
0.921422
0.918318
0.915179
0.912031
0.908869
0.905707
0.902536
0.899346
0.896142
0.892933
0.889701
0.886461
0.883217
0.879962
0.876699
0.873428
0.870152
0.866850
0.863530
0.860207
0.856875
0.853516
0.850131
0.846735
0.843336
0.839923
0.836486
0.833025
0.829527
0.826020
0.822502
0.818968
0.815408
0.811823
0.808213
0.804591
0.800968
0.797339
0.793709
0.790066
0.786395
0.782702
0.778979
0.775249
0.771491
0.767721
0.763919
0.760091
0.756257
0.752416
0.748561
0.744689
0.740815
0.736933
0.733032
0.729105
0.725151
0.721197
0.717239
0.713265
0.709266
0.705260
0.701221
0.697155
0.693069
0.688962
0.684829
0.680678
0.676506
0.672318
0.668114
0.663893
0.659664
0.655425
0.651179
0.646904
0.642600
0.638288
0.633964
0.629595
0.625182
0.620764
0.616335
0.611897
0.607433
0.602967
0.598452
0.593931
0.589392
0.584796
0.580147
0.575487
0.570824
0.566138
0.561441
0.556738
0.552010
0.547277
0.542511
0.537718
0.532887
0.528041
0.523139
0.518220
0.513278
0.508291
0.503289
0.498262
0.493192
0.488096
0.482916
0.477698
0.472454
0.467191
0.461889
0.456558
0.451208
0.445849
0.440435
0.435006
0.429500
0.423942
0.418281
0.412609
0.406905
0.401142
0.395335
0.389458
0.383521
0.377553
0.371571
0.365581
0.359488
0.353343
0.347048
0.340712
0.334312
0.327897
0.321403
0.314903
0.308252
0.301434
0.294550
0.287623
0.280674
0.273612
0.266495
0.259277
0.251910
0.244430
0.236780
0.229008
0.221164
0.212856
0.204499
0.196075
0.187236
0.178267
0.169190
0.159283
0.149310
0.139007
0.127511
0.114690
0.100000
