1.100000
1.096467
1.092738
1.088800
1.084831
1.080819
1.076736
1.072580
1.068357
1.064047
1.059727
1.055292
1.050834
1.046357
1.041845
1.037197
1.032491
1.027769
1.022948
1.018085
1.013165
1.008061
1.002930
0.997763
0.992528
0.987272
0.981990
0.976707
0.971403
0.966059
0.960707
0.955344
0.949865
0.944353
0.938787
0.933169
0.927529
0.921793
0.915979
0.910159
0.904301
0.898400
0.892454
0.886475
0.880365
0.874232
0.868069
0.861881
0.855677
0.849464
0.843159
0.836849
0.830483
0.823980
0.817456
0.810840
0.804122
0.797210
0.790282
0.783317
0.776339
0.769305
0.762214
0.755019
0.747778
0.740499
0.733150
0.725727
0.718271
0.710793
0.703255
0.695670
0.688000
0.680258
0.672493
0.664712
0.656905
0.649026
0.640905
0.632741
0.624545
0.616167
0.607723
0.599175
0.590528
0.581792
0.572846
0.563560
0.554182
0.544774
0.535073
0.525344
0.515614
0.505845
0.495922
0.485787
0.475586
0.465336
0.454774
0.444114
0.433236
0.422225
0.410997
0.399728
0.388359
0.376651
0.364745
0.352750
0.340367
0.327571
0.314199
0.300274
0.285734
0.270494
0.255224
0.239505
0.223290
0.205189
0.186925
0.168176
0.147980
0.126585
0.100000
