1.100000
1.099702
1.099397
1.099084
1.098768
1.098448
1.098124
1.097797
1.097468
1.097139
1.096798
1.096451
1.096101
1.095751
1.095400
1.095046
1.094688
1.094328
1.093967
1.093603
1.093238
1.092864
1.092489
1.092112
1.091734
1.091355
1.090971
1.090586
1.090201
1.089814
1.089427
1.089034
1.088639
1.088237
1.087832
1.087425
1.087018
1.086611
1.086200
1.085789
1.085377
1.084965
1.084550
1.084133
1.083712
1.083288
1.082858
1.082426
1.081992
1.081558
1.081123
1.080688
1.080251
1.079812
1.079373
1.078932
1.078491
1.078047
1.077602
1.077155
1.076705
1.076254
1.075801
1.075347
1.074892
1.074436
1.073975
1.073513
1.073048
1.072584
1.072119
1.071651
1.071182
1.070712
1.070242
1.069772
1.069300
1.068828
1.068352
1.067874
1.067392
1.066909
1.066424
1.065939
1.065452
1.064965
1.064477
1.063986
1.063494
1.063001
1.062507
1.062011
1.061515
1.061019
1.060522
1.060021
1.059519
1.059016
1.058512
1.058007
1.057501
1.056994
1.056485
1.055976
1.055465
1.054955
1.054444
1.053932
1.053419
1.052904
1.052387
1.051869
1.051351
1.050832
1.050307
1.049779
1.049250
1.048720
1.048190
1.047659
1.047127
1.046593
1.046056
1.045518
1.044979
1.044440
1.043900
1.043360
1.042819
1.042277
1.041735
1.041192
1.040648
1.040102
1.039555
1.039008
1.038458
1.037907
1.037354
1.036799
1.036243
1.035686
1.035128
1.034570
1.034011
1.033450
1.032889
1.032327
1.031764
1.031200
1.030636
1.030071
1.029504
1.028936
1.028369
1.027799
1.027227
1.026653
1.026079
1.025503
1.024926
1.024349
1.023770
1.023190
1.022609
1.022026
1.021443
1.020859
1.020273
1.019688
1.019102
1.018516
1.017929
1.017340
1.016751
1.016161
1.015571
1.014980
1.014388
1.013795
1.013201
1.012607
1.012012
1.011416
1.010819
1.010221
1.009623
1.009024
1.008424
1.007824
1.007223
1.006623
1.006021
1.005419
1.004816
1.004214
1.003608
1.003001
1.002395
1.001787
1.001178
1.000569
0.999960
0.999350
0.998740
0.998129
0.997516
0.996903
0.996289
0.995675
0.995060
0.994444
0.993828
0.993210
0.992591
0.991971
0.991350
0.990728
0.990107
0.989483
0.988859
0.988235
0.987610
0.986983
0.986356
0.985729
0.985101
0.984474
0.983846
0.983217
0.982588
0.981958
0.981328
0.980696
0.980063
0.979430
0.978797
0.978163
0.977528
0.976892
0.976255
0.975618
0.974979
0.974339
0.973699
0.973059
0.972417
0.971776
0.971133
0.970490
0.969847
0.969203
0.968559
0.967914
0.967268
0.966622
0.965975
0.965327
0.964679
0.964029
0.963379
0.962728
0.962076
0.961423
0.960769
0.960115
0.959460
0.958804
0.958148
0.957492
0.956835
0.956178
0.955520
0.954862
0.954203
0.953543
0.952884
0.952223
0.951562
0.950900
0.950237
0.949573
0.948909
0.948244
0.947579
0.946914
0.946248
0.945580
0.944911
0.944242
0.943573
0.942903
0.942232
0.941559
0.940886
0.940212
0.939538
0.938862
0.938186
0.937509
0.936831
0.936153
0.935473
0.934794
0.934114
0.933433
0.932752
0.932071
0.931389
0.930706
0.930023
0.929341
0.928657
0.927973
0.927289
0.926604
0.925919
0.925234
0.924547
0.923860
0.923172
0.922483
0.921794
0.921105
0.920414
0.919724
0.919033
0.918341
0.917648
0.916955
0.916262
0.915567
0.914872
0.914176
0.913479
0.912783
0.912086
0.911388
0.910691
0.909993
0.909295
0.908596
0.907897
0.907196
0.906494
0.905792
0.905090
0.904387
0.903684
0.902981
0.902277
0.901572
0.900867
0.900162
0.899457
0.898751
0.898044
0.897336
0.896628
0.895919
0.895209
0.894499
0.893787
0.893076
0.892364
0.891652
0.890939
0.890227
0.889513
0.888799
0.888083
0.887367
0.886651
0.885934
0.885216
0.884498
0.883780
0.883061
0.882341
0.881621
0.880901
0.880179
0.879457
0.878734
0.878010
0.877285
0.876560
0.875833
0.875107
0.874380
0.873653
0.872925
0.872197
0.871469
0.870740
0.870010
0.869280
0.868549
0.867817
0.867085
0.866353
0.865619
0.864885
0.864150
0.863415
0.862678
0.861941
0.861204
0.860466
0.859728
0.858989
0.858248
0.857506
0.856764
0.856022
0.855278
0.854534
0.853789
0.853043
0.852296
0.851549
0.850801
0.850052
0.849303
0.848554
0.847803
0.847053
0.846302
0.845549
0.844796
0.844042
0.843287
0.842532
0.841777
0.841021
0.840265
0.839509
0.838752
0.837995
0.837236
0.836476
0.835715
0.834954
0.834192
0.833430
0.832668
0.831905
0.831141
0.830377
0.829612
0.828846
0.828081
0.827315
0.826549
0.825782
0.825015
0.824248
0.823480
0.822711
0.821942
0.821171
0.820399
0.819627
0.818854
0.818081
0.817307
0.816532
0.815757
0.814981
0.814204
0.813427
0.812649
0.811871
0.811092
0.810313
0.809533
0.808753
0.807972
0.807191
0.806409
0.805626
0.804844
0.804061
0.803278
0.802494
0.801709
0.800924
0.800138
0.799352
0.798565
0.797776
0.796988
0.796198
0.795408
0.794617
0.793825
0.793032
0.792240
0.791446
0.790652
0.789858
0.789063
0.788268
0.787472
0.786675
0.785877
0.785079
0.784280
0.783480
0.782680
0.781879
0.781078
0.780277
0.779476
0.778674
0.777872
0.777069
0.776266
0.775462
0.774657
0.773851
0.773045
0.772239
0.771433
0.770626
0.769818
0.769009
0.768200
0.767389
0.766579
0.765768
0.764956
0.764143
0.763330
0.762516
0.761703
0.760888
0.760073
0.759258
0.758441
0.757624
0.756806
0.755988
0.755168
0.754348
0.753527
0.752705
0.751883
0.751059
0.750235
0.749411
0.748586
0.747760
0.746933
0.746106
0.745278
0.744449
0.743620
0.742790
0.741960
0.741129
0.740298
0.739467
0.738634
0.737801
0.736968
0.736134
0.735300
0.734464
0.733627
0.732790
0.731952
0.731113
0.730274
0.729434
0.728594
0.727753
0.726911
0.726068
0.725225
0.724381
0.723536
0.722690
0.721844
0.720997
0.720149
0.719300
0.718450
0.717598
0.716745
0.715892
0.715038
0.714183
0.713328
0.712472
0.711615
0.710757
0.709899
0.709040
0.708181
0.707320
0.706459
0.705598
0.704735
0.703872
0.703009
0.702145
0.701281
0.700416
0.699550
0.698684
0.697817
0.696949
0.696079
0.695208
0.694337
0.693465
0.692593
0.691720
0.690847
0.689972
0.689096
0.688219
0.687342
0.686464
0.685586
0.684707
0.683827
0.682946
0.682065
0.681183
0.680299
0.679415
0.678531
0.677646
0.676760
0.675874
0.674986
0.674097
0.673208
0.672318
0.671427
0.670535
0.669643
0.668751
0.667857
0.666962
0.666068
0.665173
0.664276
0.663379
0.662481
0.661580
0.660679
0.659777
0.658875
0.657973
0.657068
0.656163
0.655257
0.654350
0.653442
0.652533
0.651625
0.650715
0.649804
0.648893
0.647982
0.647071
0.646157
0.645243
0.644327
0.643411
0.642493
0.641575
0.640655
0.639735
0.638813
0.637890
0.636966
0.636040
0.635115
0.634189
0.633262
0.632335
0.631407
0.630478
0.629548
0.628619
0.627688
0.626757
0.625826
0.624893
0.623959
0.623024
0.622089
0.621153
0.620215
0.619277
0.618337
0.617397
0.616455
0.615513
0.614570
0.613625
0.612679
0.611731
0.610783
0.609834
0.608885
0.607936
0.606985
0.606035
0.605082
0.604128
0.603173
0.602217
0.601259
0.600301
0.599341
0.598381
0.597420
0.596459
0.595496
0.594532
0.593569
0.592604
0.591639
0.590672
0.589704
0.588736
0.587767
0.586798
0.585827
0.584854
0.583881
0.582907
0.581931
0.580954
0.579977
0.578998
0.578018
0.577037
0.576055
0.575073
0.574089
0.573105
0.572120
0.571135
0.570147
0.569157
0.568167
0.567175
0.566183
0.565190
0.564194
0.563198
0.562201
0.561202
0.560203
0.559202
0.558199
0.557195
0.556189
0.555182
0.554174
0.553164
0.552153
0.551142
0.550130
0.549117
0.548103
0.547089
0.546073
0.545056
0.544039
0.543020
0.542000
0.540978
0.539956
0.538932
0.537908
0.536884
0.535858
0.534830
0.533800
0.532771
0.531739
0.530706
0.529671
0.528633
0.527595
0.526555
0.525514
0.524471
0.523429
0.522386
0.521341
0.520296
0.519250
0.518202
0.517152
0.516100
0.515046
0.513992
0.512936
0.511880
0.510822
0.509763
0.508701
0.507638
0.506574
0.505510
0.504444
0.503376
0.502307
0.501236
0.500163
0.499088
0.498013
0.496937
0.495861
0.494784
0.493706
0.492626
0.491545
0.490461
0.489376
0.488291
0.487204
0.486116
0.485027
0.483936
0.482843
0.481750
0.480655
0.479558
0.478461
0.477363
0.476263
0.475160
0.474057
0.472951
0.471845
0.470737
0.469627
0.468514
0.467400
0.466285
0.465169
0.464052
0.462933
0.461809
0.460685
0.459560
0.458431
0.457300
0.456169
0.455034
0.453898
0.452759
0.451619
0.450476
0.449332
0.448184
0.447035
0.445885
0.444731
0.443576
0.442420
0.441257
0.440093
0.438928
0.437763
0.436594
0.435424
0.434250
0.433075
0.431900
0.430723
0.429544
0.428365
0.427183
0.425997
0.424809
0.423620
0.422429
0.421237
0.420043
0.418843
0.417640
0.416437
0.415232
0.414026
0.412818
0.411604
0.410390
0.409174
0.407957
0.406736
0.405513
0.404290
0.403061
0.401830
0.400598
0.399364
0.398129
0.396893
0.395655
0.394414
0.393171
0.391925
0.390677
0.389428
0.388175
0.386919
0.385655
0.384389
0.383122
0.381853
0.380581
0.379308
0.378033
0.376755
0.375470
0.374183
0.372896
0.371606
0.370314
0.369019
0.367724
0.366426
0.365126
0.363822
0.362511
0.361196
0.359881
0.358563
0.357243
0.355921
0.354593
0.353258
0.351921
0.350581
0.349238
0.347895
0.346547
0.345198
0.343845
0.342488
0.341130
0.339769
0.338406
0.337042
0.335674
0.334298
0.332920
0.331538
0.330153
0.328766
0.327376
0.325983
0.324587
0.323189
0.321789
0.320381
0.318970
0.317556
0.316136
0.314714
0.313290
0.311863
0.310432
0.308996
0.307558
0.306116
0.304664
0.303209
0.301745
0.300280
0.298814
0.297342
0.295868
0.294394
0.292913
0.291425
0.289936
0.288438
0.286937
0.285431
0.283921
0.282408
0.280887
0.279363
0.277830
0.276294
0.274757
0.273203
0.271646
0.270089
0.268515
0.266934
0.265340
0.263740
0.262139
0.260535
0.258927
0.257315
0.255695
0.254074
0.252439
0.250801
0.249160
0.247513
0.245859
0.244199
0.242528
0.240854
0.239176
0.237487
0.235794
0.234081
0.232359
0.230637
0.228908
0.227174
0.225430
0.223676
0.221913
0.220144
0.218358
0.216565
0.214767
0.212964
0.211150
0.209320
0.207482
0.205641
0.203785
0.201921
0.200053
0.198162
0.196260
0.194343
0.192409
0.190466
0.188512
0.186546
0.184567
0.182571
0.180558
0.178537
0.176501
0.174415
0.172318
0.170213
0.168094
0.165941
0.163759
0.161557
0.159318
0.157072
0.154788
0.152488
0.150165
0.147821
0.145436
0.142988
0.140521
0.138019
0.135402
0.132722
0.130001
0.127191
0.124363
0.121453
0.118351
0.115144
0.111862
0.108386
0.104468
0.100000
