1.100000
1.097677
1.095267
1.092287
1.089256
1.086149
1.082904
1.079641
1.076134
1.072503
1.068755
1.064997
1.061177
1.057337
1.053415
1.049461
1.045454
1.041401
1.037327
1.033196
1.029058
1.024802
1.020478
1.016148
1.011784
1.007381
1.002867
0.998302
0.993711
0.989099
0.984287
0.979453
0.974614
0.969743
0.964864
0.959895
0.954910
0.949810
0.944692
0.939478
0.934213
0.928877
0.923420
0.917925
0.912358
0.906779
0.901089
0.895361
0.889591
0.883774
0.877888
0.871930
0.865696
0.859447
0.853141
0.846776
0.840267
0.833732
0.827153
0.820427
0.813411
0.806295
0.799100
0.791780
0.784396
0.776921
0.769329
0.761673
0.753495
0.745132
0.736640
0.728046
0.719125
0.710120
0.700983
0.691516
0.681966
0.672212
0.662438
0.652548
0.642590
0.632574
0.622204
0.611747
0.601038
0.590289
0.579303
0.568009
0.556700
0.544532
0.531983
0.519282
0.505872
0.492237
0.478369
0.463567
0.448506
0.432684
0.415556
0.398212
0.377023
0.355122
0.332320
0.307516
0.281994
0.254757
0.224606
0.188320
0.147062
0.100000
