1.100000
1.097714
1.094926
1.092112
1.089051
1.085685
1.082218
1.078723
1.075116
1.071392
1.067535
1.063609
1.059623
1.055482
1.051048
1.046566
1.042010
1.037382
1.032640
1.027792
1.022859
1.017897
1.012877
1.007529
1.002176
0.996814
0.991418
0.985923
0.980083
0.974185
0.968176
0.962007
0.955596
0.949154
0.942674
0.936114
0.929474
0.922791
0.916033
0.909238
0.902333
0.895345
0.888344
0.881318
0.874196
0.866717
0.859156
0.851444
0.843555
0.835631
0.827547
0.819212
0.810825
0.802173
0.793297
0.784064
0.774756
0.765263
0.755667
0.745958
0.735854
0.725568
0.714905
0.704118
0.693239
0.682253
0.670777
0.659169
0.647248
0.635231
0.622714
0.610136
0.597160
0.583822
0.569980
0.555559
0.541051
0.526021
0.510011
0.493835
0.476943
0.459137
0.440803
0.419845
0.396919
0.373351
0.348869
0.323638
0.294658
0.263603
0.231456
0.193043
0.150016
0.100000
