1.100000
1.097544
1.094859
1.091917
1.088923
1.085745
1.082521
1.079207
1.075681
1.072043
1.068384
1.064711
1.060993
1.057146
1.053224
1.049225
1.045088
1.040847
1.036464
1.032034
1.027532
1.022927
1.018264
1.013557
1.008778
1.003984
0.999086
0.994098
0.989096
0.984021
0.978911
0.973688
0.968412
0.963124
0.957818
0.952503
0.947138
0.941705
0.936233
0.930613
0.924891
0.919164
0.913378
0.907476
0.901514
0.895520
0.889488
0.883236
0.876674
0.870075
0.863436
0.856761
0.850065
0.843256
0.836303
0.829294
0.822226
0.814985
0.807705
0.800344
0.792752
0.785069
0.777244
0.769392
0.761485
0.753235
0.744788
0.736081
0.727326
0.718493
0.709641
0.700670
0.691561
0.682416
0.673235
0.663643
0.653794
0.643832
0.633335
0.622721
0.612018
0.601040
0.589704
0.578247
0.566568
0.554629
0.542655
0.530498
0.518145
0.505763
0.492888
0.479381
0.465147
0.450810
0.435885
0.420794
0.404904
0.388687
0.372065
0.355157
0.337583
0.319069
0.300298
0.280588
0.259161
0.236926
0.214117
0.188552
0.161581
0.133082
0.100000
