1.100000
1.098213
1.096092
1.093854
1.091310
1.088697
1.086038
1.083373
1.080666
1.077892
1.074816
1.071683
1.068525
1.065229
1.061870
1.058437
1.054999
1.051532
1.047990
1.044320
1.040605
1.036848
1.033075
1.029177
1.025250
1.021283
1.017296
1.013282
1.009257
1.005164
1.001059
0.996929
0.992759
0.988571
0.984361
0.980150
0.975916
0.971658
0.967376
0.963043
0.958670
0.954295
0.949904
0.945437
0.940937
0.936405
0.931859
0.927278
0.922648
0.917961
0.913269
0.908551
0.903732
0.898903
0.894053
0.889153
0.884213
0.879161
0.874047
0.868879
0.863652
0.858360
0.853020
0.847660
0.842265
0.836820
0.831287
0.825739
0.820156
0.814556
0.808829
0.802968
0.797048
0.791126
0.785175
0.779165
0.773103
0.766969
0.760801
0.754585
0.748343
0.742050
0.735728
0.729316
0.722859
0.716346
0.709718
0.703047
0.696283
0.689491
0.682569
0.675575
0.668505
0.661367
0.654120
0.646765
0.639279
0.631660
0.623986
0.616159
0.608262
0.600359
0.592203
0.583969
0.575511
0.566918
0.558097
0.549098
0.540036
0.530634
0.521108
0.511481
0.501690
0.491523
0.481098
0.470542
0.459852
0.448865
0.437744
0.426122
0.414462
0.402451
0.390045
0.377279
0.364287
0.351033
0.337428
0.323384
0.308912
0.294017
0.278777
0.263115
0.246942
0.229703
0.212109
0.193232
0.172499
0.150479
0.126981
0.100000
