1.100000
1.095912
1.091753
1.087107
1.082206
1.077251
1.072259
1.067114
1.061880
1.056587
1.051261
1.045635
1.039754
1.033608
1.027196
1.020709
1.013980
1.007186
1.000363
0.993492
0.986595
0.979625
0.972634
0.965586
0.958413
0.951209
0.943962
0.936621
0.929125
0.921534
0.913837
0.906114
0.898320
0.890354
0.882219
0.874013
0.865754
0.857459
0.848918
0.840222
0.831444
0.822392
0.813292
0.804107
0.794811
0.785385
0.775803
0.766169
0.756440
0.746654
0.736697
0.726652
0.716500
0.706248
0.695794
0.685318
0.674760
0.663981
0.653157
0.642260
0.631236
0.620017
0.608596
0.596980
0.585178
0.573193
0.560911
0.548222
0.535289
0.522165
0.508949
0.495506
0.481752
0.467715
0.453339
0.438513
0.423580
0.408221
0.392723
0.376939
0.360466
0.343218
0.325369
0.307262
0.288136
0.267250
0.245557
0.221207
0.195095
0.166668
0.137109
0.100000
