1.100000
1.099527
1.098943
1.098357
1.097749
1.097137
1.096430
1.095672
1.094886
1.094077
1.093255
1.092424
1.091572
1.090666
1.089732
1.088794
1.087844
1.086880
1.085904
1.084912
1.083914
1.082915
1.081904
1.080883
1.079857
1.078809
1.077750
1.076685
1.075620
1.074550
1.073476
1.072401
1.071310
1.070209
1.069099
1.067977
1.066846
1.065709
1.064569
1.063424
1.062252
1.061074
1.059892
1.058697
1.057499
1.056289
1.055068
1.053830
1.052583
1.051336
1.050077
1.048808
1.047537
1.046261
1.044978
1.043685
1.042386
1.041083
1.039754
1.038418
1.037077
1.035733
1.034381
1.033019
1.031649
1.030271
1.028884
1.027483
1.026073
1.024660
1.023244
1.021819
1.020390
1.018955
1.017519
1.016080
1.014630
1.013165
1.011696
1.010224
1.008734
1.007241
1.005746
1.004247
1.002745
1.001239
0.999730
0.998220
0.996699
0.995176
0.993645
0.992108
0.990569
0.989023
0.987473
0.985921
0.984361
0.982799
0.981225
0.979649
0.978065
0.976475
0.974875
0.973268
0.971649
0.970028
0.968406
0.966781
0.965152
0.963522
0.961887
0.960244
0.958599
0.956949
0.955291
0.953628
0.951951
0.950265
0.948576
0.946884
0.945191
0.943487
0.941780
0.940065
0.938345
0.936619
0.934884
0.933143
0.931394
0.929642
0.927884
0.926122
0.924355
0.922579
0.920799
0.919017
0.917228
0.915429
0.913627
0.911822
0.910004
0.908176
0.906341
0.904501
0.902659
0.900811
0.898961
0.897104
0.895237
0.893367
0.891487
0.889602
0.887704
0.885800
0.883894
0.881979
0.880058
0.878128
0.876194
0.874256
0.872304
0.870347
0.868385
0.866419
0.864441
0.862458
0.860470
0.858475
0.856472
0.854469
0.852457
0.850428
0.848399
0.846366
0.844331
0.842292
0.840246
0.838195
0.836134
0.834055
0.831968
0.829880
0.827785
0.825687
0.823579
0.821467
0.819345
0.817218
0.815084
0.812943
0.810796
0.808645
0.806461
0.804272
0.802073
0.799872
0.797655
0.795435
0.793202
0.790961
0.788708
0.786448
0.784184
0.781904
0.779616
0.777324
0.775027
0.772706
0.770378
0.768049
0.765714
0.763358
0.760989
0.758613
0.756225
0.753817
0.751403
0.748980
0.746556
0.744120
0.741672
0.739216
0.736750
0.734280
0.731805
0.729326
0.726830
0.724324
0.721800
0.719264
0.716719
0.714144
0.711564
0.708966
0.706359
0.703732
0.701098
0.698428
0.695744
0.693060
0.690359
0.687652
0.684925
0.682196
0.679454
0.676698
0.673925
0.671130
0.668298
0.665450
0.662593
0.659730
0.656860
0.653967
0.651068
0.648160
0.645240
0.642310
0.639361
0.636389
0.633404
0.630401
0.627384
0.624346
0.621290
0.618213
0.615130
0.612026
0.608881
0.605726
0.602562
0.599383
0.596188
0.592911
0.589630
0.586318
0.582982
0.579624
0.576256
0.572832
0.569407
0.565966
0.562513
0.559041
0.555539
0.552009
0.548463
0.544908
0.541332
0.537733
0.534050
0.530329
0.526580
0.522789
0.518977
0.515083
0.511148
0.507210
0.503212
0.499165
0.495062
0.490949
0.486784
0.482567
0.478312
0.474046
0.469772
0.465469
0.461065
0.456510
0.451918
0.447219
0.442486
0.437719
0.432893
0.428002
0.423012
0.417975
0.412820
0.407570
0.402220
0.396826
0.391381
0.385754
0.380019
0.374132
0.368193
0.362141
0.356037
0.349801
0.343508
0.337121
0.330671
0.324104
0.317476
0.310710
0.303826
0.296835
0.289753
0.282636
0.275299
0.267853
0.260102
0.252004
0.243704
0.235101
0.226178
0.216918
0.207380
0.197500
0.187300
0.176735
0.165920
0.154522
0.142535
0.129765
0.115861
0.100000
