1.100000
1.098143
1.096115
1.093950
1.091722
1.089387
1.087049
1.084702
1.082326
1.079917
1.077498
1.075064
1.072611
1.070156
1.067628
1.064992
1.062327
1.059593
1.056836
1.054020
1.051171
1.048305
1.045424
1.042510
1.039565
1.036611
1.033646
1.030667
1.027685
1.024691
1.021695
1.018680
1.015628
1.012544
1.009378
1.006204
1.003010
0.999794
0.996576
0.993348
0.990116
0.986868
0.983600
0.980316
0.977013
0.973695
0.970373
0.967037
0.963663
0.960256
0.956845
0.953375
0.949841
0.946299
0.942742
0.939180
0.935586
0.931980
0.928327
0.924636
0.920943
0.917197
0.913440
0.909651
0.905811
0.901956
0.898086
0.894196
0.890300
0.886357
0.882402
0.878419
0.874427
0.870430
0.866409
0.862349
0.858267
0.854148
0.850012
0.845857
0.841685
0.837482
0.833275
0.829061
0.824835
0.820570
0.816285
0.811967
0.807628
0.803241
0.798837
0.794371
0.789884
0.785347
0.780803
0.776232
0.771649
0.767018
0.762365
0.757685
0.752992
0.748227
0.743421
0.738615
0.733756
0.728868
0.723949
0.718989
0.713954
0.708876
0.703771
0.698655
0.693527
0.688355
0.683170
0.677952
0.672710
0.667415
0.662106
0.656734
0.651313
0.645879
0.640400
0.634893
0.629335
0.623754
0.618134
0.612443
0.606727
0.601008
0.595213
0.589398
0.583563
0.577666
0.571703
0.565719
0.559701
0.553675
0.547647
0.541575
0.535472
0.529222
0.522946
0.516629
0.510263
0.503825
0.497357
0.490781
0.484180
0.477578
0.470932
0.464229
0.457492
0.450669
0.443746
0.436772
0.429651
0.422465
0.415096
0.407712
0.400243
0.392739
0.385124
0.377357
0.369463
0.361479
0.353493
0.345400
0.337277
0.329095
0.320856
0.312424
0.303789
0.294952
0.285869
0.276698
0.267383
0.257730
0.248047
0.238106
0.228075
0.217619
0.206718
0.195642
0.184158
0.172197
0.160051
0.146322
0.131990
0.117305
0.100000
