1.100000
1.098304
1.096535
1.094758
1.092887
1.090927
1.088931
1.086841
1.084737
1.082609
1.080419
1.078227
1.075948
1.073615
1.071274
1.068919
1.066562
1.064155
1.061743
1.059326
1.056848
1.054367
1.051783
1.049176
1.046556
1.043921
1.041246
1.038564
1.035877
1.033180
1.030460
1.027708
1.024941
1.022151
1.019340
1.016501
1.013652
1.010783
1.007891
1.004996
1.002087
0.999157
0.996217
0.993257
0.990297
0.987290
0.984265
0.981227
0.978173
0.975113
0.972034
0.968932
0.965794
0.962606
0.959408
0.956203
0.952986
0.949761
0.946519
0.943257
0.939982
0.936696
0.933381
0.930061
0.926734
0.923402
0.920038
0.916637
0.913224
0.909778
0.906315
0.902843
0.899367
0.895849
0.892310
0.888770
0.885196
0.881604
0.877999
0.874358
0.870717
0.867042
0.863356
0.859636
0.855890
0.852107
0.848307
0.844462
0.840597
0.836718
0.832835
0.828926
0.825000
0.821040
0.817075
0.813081
0.809074
0.805058
0.801013
0.796945
0.792872
0.788785
0.784672
0.780553
0.776377
0.772193
0.767995
0.763771
0.759515
0.755243
0.750963
0.746651
0.742322
0.737983
0.733613
0.729234
0.724853
0.720446
0.716008
0.711555
0.707060
0.702552
0.698026
0.693420
0.688779
0.684108
0.679400
0.674684
0.669958
0.665208
0.660437
0.655642
0.650817
0.645978
0.641129
0.636245
0.631346
0.626354
0.621329
0.616258
0.611134
0.605997
0.600825
0.595638
0.590436
0.585203
0.579946
0.574634
0.569297
0.563930
0.558502
0.553023
0.547534
0.542038
0.536527
0.530931
0.525296
0.519614
0.513861
0.508080
0.502237
0.496363
0.490473
0.484541
0.478552
0.472526
0.466448
0.460326
0.454159
0.447851
0.441403
0.434911
0.428356
0.421704
0.414968
0.408169
0.401331
0.394474
0.387614
0.380734
0.373827
0.366862
0.359826
0.352614
0.345289
0.337829
0.330138
0.322330
0.314502
0.306599
0.298592
0.290481
0.282295
0.273940
0.265585
0.256996
0.248219
0.239272
0.229986
0.220477
0.210709
0.200782
0.190254
0.179701
0.168979
0.157869
0.145296
0.131519
0.116050
0.100000
