1.100000
1.098300
1.096387
1.094451
1.092472
1.090491
1.088481
1.086445
1.084386
1.082278
1.080154
1.077992
1.075812
1.073627
1.071422
1.069211
1.066981
1.064736
1.062487
1.060219
1.057911
1.055564
1.053202
1.050810
1.048412
1.045990
1.043549
1.041102
1.038623
1.036141
1.033641
1.031136
1.028618
1.026080
1.023532
1.020974
1.018402
1.015785
1.013151
1.010505
1.007826
1.005123
1.002416
0.999691
0.996965
0.994229
0.991488
0.988735
0.985981
0.983220
0.980446
0.977671
0.974881
0.972085
0.969275
0.966462
0.963640
0.960811
0.957975
0.955077
0.952173
0.949256
0.946329
0.943389
0.940432
0.937452
0.934463
0.931472
0.928468
0.925458
0.922438
0.919407
0.916344
0.913270
0.910194
0.907109
0.904009
0.900897
0.897776
0.894623
0.891465
0.888300
0.885090
0.881877
0.878664
0.875423
0.872169
0.868902
0.865629
0.862339
0.859036
0.855721
0.852385
0.849043
0.845693
0.842331
0.838956
0.835561
0.832152
0.828733
0.825285
0.821829
0.818368
0.814882
0.811392
0.807899
0.804384
0.800845
0.797292
0.793722
0.790141
0.786542
0.782926
0.779303
0.775664
0.771996
0.768307
0.764601
0.760886
0.757149
0.753404
0.749633
0.745838
0.742039
0.738215
0.734385
0.730546
0.726683
0.722786
0.718856
0.714913
0.710950
0.706982
0.703010
0.699004
0.694988
0.690969
0.686911
0.682852
0.678775
0.674646
0.670500
0.666337
0.662156
0.657944
0.653697
0.649438
0.645167
0.640894
0.636615
0.632295
0.627924
0.623540
0.619153
0.614731
0.610295
0.605820
0.601322
0.596785
0.592245
0.587688
0.583124
0.578529
0.573907
0.569270
0.564581
0.559865
0.555126
0.550368
0.545584
0.540736
0.535838
0.530886
0.525923
0.520889
0.515823
0.510730
0.505559
0.500357
0.495151
0.489880
0.484603
0.479310
0.473971
0.468627
0.463232
0.457780
0.452293
0.446775
0.441165
0.435459
0.429737
0.423914
0.418010
0.411994
0.405969
0.399927
0.393833
0.387652
0.381351
0.375013
0.368581
0.362073
0.355401
0.348653
0.341786
0.334821
0.327738
0.320541
0.313141
0.305681
0.297951
0.290168
0.282370
0.274187
0.265941
0.257610
0.249080
0.239864
0.230557
0.221131
0.211202
0.200916
0.190038
0.178959
0.167591
0.156076
0.143695
0.130474
0.116151
0.100000
