1.100000
1.098811
1.097483
1.096034
1.094575
1.093102
1.091575
1.090034
1.088482
1.086884
1.085258
1.083610
1.081953
1.080261
1.078560
1.076834
1.075073
1.073308
1.071532
1.069750
1.067956
1.066149
1.064338
1.062518
1.060677
1.058828
1.056967
1.055102
1.053216
1.051310
1.049393
1.047474
1.045553
1.043607
1.041644
1.039679
1.037701
1.035718
1.033724
1.031705
1.029679
1.027646
1.025610
1.023572
1.021519
1.019466
1.017400
1.015323
1.013240
1.011143
1.009038
1.006930
1.004807
1.002672
1.000534
0.998367
0.996199
0.994028
0.991854
0.989666
0.987464
0.985233
0.982950
0.980655
0.978353
0.976043
0.973731
0.971403
0.969073
0.966725
0.964376
0.962024
0.959666
0.957300
0.954921
0.952537
0.950142
0.947746
0.945345
0.942938
0.940527
0.938105
0.935677
0.933235
0.930788
0.928329
0.925867
0.923400
0.920930
0.918446
0.915960
0.913452
0.910937
0.908417
0.905882
0.903343
0.900788
0.898233
0.895660
0.893079
0.890498
0.887912
0.885316
0.882714
0.880110
0.877488
0.874865
0.872228
0.869583
0.866930
0.864263
0.861575
0.858879
0.856160
0.853440
0.850719
0.847976
0.845220
0.842460
0.839698
0.836929
0.834155
0.831371
0.828583
0.825790
0.822974
0.820151
0.817314
0.814474
0.811603
0.808724
0.805842
0.802933
0.800015
0.797094
0.794170
0.791236
0.788294
0.785338
0.782352
0.779343
0.776327
0.773307
0.770272
0.767228
0.764175
0.761100
0.758011
0.754909
0.751799
0.748679
0.745548
0.742408
0.739248
0.736085
0.732908
0.729724
0.726537
0.723336
0.720119
0.716893
0.713652
0.710400
0.707134
0.703862
0.700569
0.697263
0.693943
0.690611
0.687260
0.683878
0.680480
0.677078
0.673665
0.670251
0.666781
0.663307
0.659827
0.656326
0.652798
0.649268
0.645703
0.642112
0.638505
0.634893
0.631276
0.627641
0.623990
0.620319
0.616631
0.612906
0.609163
0.605412
0.601635
0.597851
0.594041
0.590221
0.586398
0.582548
0.578690
0.574796
0.570881
0.566948
0.563000
0.559044
0.555069
0.551060
0.547023
0.542983
0.538928
0.534839
0.530719
0.526595
0.522465
0.518333
0.514154
0.509959
0.505750
0.501509
0.497226
0.492916
0.488575
0.484222
0.479850
0.475414
0.470942
0.466438
0.461906
0.457371
0.452770
0.448168
0.443511
0.438830
0.434113
0.429362
0.424600
0.419799
0.414896
0.409952
0.404978
0.400002
0.394995
0.389914
0.384799
0.379667
0.374499
0.369325
0.364100
0.358788
0.353446
0.348081
0.342656
0.337192
0.331725
0.326256
0.320702
0.315128
0.309412
0.303668
0.297877
0.291972
0.286014
0.279995
0.273905
0.267770
0.261548
0.255257
0.248799
0.242332
0.235644
0.228828
0.221898
0.214891
0.207882
0.200759
0.193535
0.185736
0.177853
0.169500
0.160935
0.152177
0.142842
0.133100
0.122590
0.111928
0.100000
