1.100000
1.098744
1.097385
1.096006
1.094568
1.093106
1.091570
1.089968
1.088219
1.086416
1.084610
1.082782
1.080950
1.079097
1.077243
1.075383
1.073494
1.071542
1.069587
1.067624
1.065645
1.063654
1.061660
1.059641
1.057618
1.055585
1.053536
1.051464
1.049381
1.047290
1.045172
1.043049
1.040898
1.038719
1.036523
1.034325
1.032124
1.029916
1.027705
1.025494
1.023252
1.021003
1.018750
1.016482
1.014203
1.011920
1.009633
1.007325
1.005012
1.002691
1.000352
0.998011
0.995663
0.993310
0.990935
0.988554
0.986166
0.983772
0.981361
0.978948
0.976534
0.974104
0.971670
0.969228
0.966784
0.964322
0.961853
0.959377
0.956900
0.954403
0.951870
0.949324
0.946777
0.944228
0.941668
0.939103
0.936527
0.933941
0.931344
0.928744
0.926143
0.923531
0.920893
0.918243
0.915581
0.912917
0.910244
0.907549
0.904848
0.902133
0.899409
0.896670
0.893926
0.891176
0.888412
0.885638
0.882857
0.880067
0.877275
0.874475
0.871655
0.868834
0.866001
0.863164
0.860315
0.857465
0.854585
0.851687
0.848779
0.845852
0.842889
0.839913
0.836929
0.833943
0.830944
0.827939
0.824921
0.821901
0.818870
0.815818
0.812761
0.809685
0.806605
0.803525
0.800430
0.797335
0.794217
0.791082
0.787933
0.784768
0.781602
0.778434
0.775257
0.772079
0.768876
0.765666
0.762452
0.759227
0.755979
0.752724
0.749458
0.746180
0.742876
0.739566
0.736239
0.732906
0.729564
0.726198
0.722830
0.719446
0.716035
0.712611
0.709183
0.705752
0.702289
0.698820
0.695320
0.691803
0.688284
0.684750
0.681215
0.677667
0.674101
0.670468
0.666824
0.663177
0.659516
0.655842
0.652152
0.648401
0.644620
0.640834
0.637032
0.633222
0.629406
0.625574
0.621728
0.617880
0.613988
0.610086
0.606156
0.602212
0.598258
0.594279
0.590272
0.586247
0.582180
0.578100
0.574002
0.569894
0.565744
0.561584
0.557421
0.553242
0.549048
0.544841
0.540579
0.536292
0.531997
0.527674
0.523322
0.518963
0.514585
0.510192
0.505788
0.501330
0.496867
0.492399
0.487871
0.483339
0.478795
0.474219
0.469602
0.464932
0.460250
0.455546
0.450780
0.446003
0.441223
0.436431
0.431630
0.426793
0.421877
0.416926
0.411938
0.406926
0.401837
0.396735
0.391625
0.386481
0.381322
0.376138
0.370854
0.365530
0.360151
0.354751
0.349245
0.343738
0.338208
0.332630
0.327026
0.321380
0.315674
0.309922
0.304157
0.298186
0.292173
0.286083
0.279912
0.273696
0.267427
0.261145
0.254760
0.248272
0.241717
0.234977
0.228168
0.221324
0.214373
0.207145
0.199766
0.192283
0.184580
0.176732
0.168725
0.160301
0.151524
0.142373
0.132957
0.123165
0.111950
0.100000
