1.100000
1.098030
1.096000
1.093743
1.091372
1.088953
1.086523
1.084046
1.081513
1.078932
1.076299
1.073650
1.070965
1.068206
1.065442
1.062651
1.059854
1.057023
1.054166
1.051260
1.048347
1.045416
1.042467
1.039512
1.036531
1.033527
1.030511
1.027468
1.024397
1.021307
1.018190
1.015031
1.011866
1.008689
1.005454
1.002212
0.998942
0.995615
0.992277
0.988896
0.985433
0.981961
0.978442
0.974882
0.971271
0.967659
0.964029
0.960368
0.956698
0.952990
0.949231
0.945471
0.941685
0.937868
0.934043
0.930198
0.926344
0.922472
0.918578
0.914597
0.910598
0.906589
0.902564
0.898507
0.894434
0.890337
0.886174
0.881999
0.877806
0.873589
0.869362
0.865074
0.860749
0.856393
0.852009
0.847563
0.843070
0.838551
0.833990
0.829393
0.824784
0.820170
0.815536
0.810889
0.806186
0.801474
0.796747
0.792008
0.787206
0.782385
0.777537
0.772641
0.767734
0.762790
0.757819
0.752816
0.747783
0.742728
0.737656
0.732565
0.727451
0.722334
0.717198
0.712007
0.706797
0.701540
0.696259
0.690918
0.685521
0.680069
0.674609
0.669126
0.663612
0.658029
0.652437
0.646790
0.641130
0.635434
0.629670
0.623842
0.617977
0.612097
0.606174
0.600192
0.594184
0.588122
0.582018
0.575809
0.569579
0.563301
0.556965
0.550565
0.544127
0.537614
0.531043
0.524449
0.517790
0.511071
0.504299
0.497386
0.490451
0.483512
0.476495
0.469433
0.462305
0.455088
0.447859
0.440502
0.433016
0.425419
0.417746
0.409941
0.402111
0.394147
0.386135
0.378009
0.369811
0.361460
0.353053
0.344494
0.335762
0.326869
0.317849
0.308657
0.299176
0.289455
0.279692
0.269782
0.259760
0.249292
0.238681
0.227687
0.216337
0.204882
0.192367
0.179424
0.165548
0.151304
0.134752
0.117684
0.100000
