1.100000
1.099764
1.099483
1.099194
1.098892
1.098584
1.098256
1.097921
1.097586
1.097247
1.096909
1.096562
1.096209
1.095851
1.095488
1.095121
1.094723
1.094324
1.093912
1.093490
1.093059
1.092627
1.092195
1.091758
1.091314
1.090868
1.090422
1.089971
1.089519
1.089061
1.088602
1.088143
1.087681
1.087218
1.086754
1.086289
1.085824
1.085358
1.084890
1.084422
1.083951
1.083476
1.083001
1.082522
1.082039
1.081556
1.081070
1.080575
1.080079
1.079581
1.079083
1.078584
1.078084
1.077584
1.077082
1.076579
1.076076
1.075573
1.075065
1.074556
1.074044
1.073530
1.073015
1.072499
1.071982
1.071464
1.070945
1.070424
1.069904
1.069380
1.068856
1.068331
1.067805
1.067271
1.066736
1.066200
1.065663
1.065126
1.064587
1.064049
1.063509
1.062969
1.062428
1.061887
1.061345
1.060804
1.060260
1.059717
1.059173
1.058628
1.058081
1.057535
1.056987
1.056438
1.055889
1.055340
1.054790
1.054235
1.053679
1.053123
1.052566
1.052008
1.051449
1.050889
1.050328
1.049766
1.049203
1.048635
1.048065
1.047496
1.046924
1.046351
1.045777
1.045203
1.044628
1.044051
1.043474
1.042894
1.042313
1.041731
1.041149
1.040566
1.039980
1.039393
1.038806
1.038217
1.037627
1.037036
1.036444
1.035851
1.035257
1.034662
1.034067
1.033470
1.032873
1.032274
1.031675
1.031075
1.030475
1.029871
1.029267
1.028662
1.028056
1.027449
1.026841
1.026233
1.025624
1.025013
1.024400
1.023787
1.023173
1.022559
1.021940
1.021321
1.020702
1.020081
1.019458
1.018835
1.018211
1.017586
1.016960
1.016333
1.015706
1.015078
1.014451
1.013822
1.013193
1.012563
1.011930
1.011296
1.010661
1.010025
1.009389
1.008752
1.008114
1.007475
1.006836
1.006195
1.005551
1.004907
1.004262
1.003617
1.002971
1.002323
1.001674
1.001025
1.000375
0.999724
0.999072
0.998420
0.997766
0.997112
0.996458
0.995802
0.995144
0.994485
0.993826
0.993167
0.992506
0.991845
0.991183
0.990521
0.989858
0.989194
0.988531
0.987866
0.987201
0.986535
0.985869
0.985202
0.984534
0.983865
0.983196
0.982527
0.981857
0.981186
0.980515
0.979842
0.979168
0.978494
0.977819
0.977144
0.976468
0.975792
0.975116
0.974438
0.973757
0.973076
0.972395
0.971713
0.971032
0.970349
0.969664
0.968977
0.968291
0.967604
0.966915
0.966226
0.965536
0.964846
0.964156
0.963464
0.962773
0.962081
0.961386
0.960690
0.959994
0.959297
0.958600
0.957902
0.957204
0.956506
0.955807
0.955106
0.954404
0.953702
0.952999
0.952296
0.951593
0.950888
0.950183
0.949478
0.948772
0.948065
0.947356
0.946648
0.945938
0.945228
0.944517
0.943806
0.943094
0.942381
0.941668
0.940955
0.940240
0.939523
0.938804
0.938083
0.937362
0.936640
0.935917
0.935193
0.934468
0.933744
0.933018
0.932293
0.931566
0.930840
0.930111
0.929381
0.928649
0.927918
0.927185
0.926453
0.925720
0.924986
0.924252
0.923517
0.922782
0.922045
0.921308
0.920571
0.919833
0.919094
0.918353
0.917612
0.916870
0.916128
0.915385
0.914641
0.913895
0.913148
0.912402
0.911654
0.910905
0.910156
0.909405
0.908654
0.907902
0.907149
0.906395
0.905639
0.904882
0.904124
0.903365
0.902606
0.901846
0.901084
0.900321
0.899559
0.898797
0.898032
0.897267
0.896502
0.895736
0.894969
0.894202
0.893434
0.892664
0.891893
0.891122
0.890350
0.889577
0.888804
0.888029
0.887253
0.886478
0.885702
0.884926
0.884149
0.883371
0.882592
0.881813
0.881032
0.880250
0.879467
0.878684
0.877900
0.877114
0.876329
0.875543
0.874757
0.873970
0.873182
0.872392
0.871602
0.870811
0.870019
0.869227
0.868435
0.867642
0.866848
0.866054
0.865259
0.864463
0.863667
0.862871
0.862074
0.861276
0.860475
0.859672
0.858870
0.858067
0.857264
0.856460
0.855656
0.854848
0.854039
0.853230
0.852421
0.851611
0.850800
0.849989
0.849176
0.848362
0.847547
0.846731
0.845915
0.845099
0.844282
0.843463
0.842644
0.841824
0.841003
0.840182
0.839360
0.838538
0.837714
0.836889
0.836064
0.835238
0.834411
0.833583
0.832754
0.831925
0.831095
0.830265
0.829433
0.828599
0.827764
0.826929
0.826094
0.825258
0.824421
0.823583
0.822745
0.821906
0.821067
0.820227
0.819386
0.818544
0.817700
0.816855
0.816009
0.815163
0.814316
0.813469
0.812620
0.811770
0.810919
0.810067
0.809214
0.808360
0.807505
0.806651
0.805795
0.804939
0.804081
0.803222
0.802362
0.801502
0.800641
0.799779
0.798917
0.798055
0.797190
0.796324
0.795458
0.794592
0.793725
0.792857
0.791988
0.791119
0.790249
0.789377
0.788505
0.787631
0.786756
0.785881
0.785005
0.784127
0.783248
0.782368
0.781488
0.780607
0.779724
0.778842
0.777957
0.777072
0.776187
0.775300
0.774413
0.773524
0.772634
0.771744
0.770853
0.769961
0.769067
0.768173
0.767277
0.766379
0.765481
0.764582
0.763682
0.762781
0.761879
0.760976
0.760071
0.759165
0.758258
0.757350
0.756440
0.755529
0.754618
0.753706
0.752794
0.751880
0.750966
0.750051
0.749136
0.748219
0.747300
0.746381
0.745460
0.744540
0.743619
0.742696
0.741772
0.740846
0.739920
0.738993
0.738065
0.737136
0.736205
0.735274
0.734342
0.733409
0.732475
0.731539
0.730603
0.729665
0.728726
0.727786
0.726845
0.725903
0.724961
0.724017
0.723073
0.722127
0.721182
0.720234
0.719286
0.718336
0.717385
0.716433
0.715481
0.714526
0.713571
0.712616
0.711659
0.710702
0.709744
0.708785
0.707826
0.706866
0.705906
0.704945
0.703982
0.703018
0.702053
0.701088
0.700121
0.699153
0.698185
0.697216
0.696244
0.695270
0.694295
0.693318
0.692341
0.691363
0.690384
0.689404
0.688423
0.687441
0.686460
0.685477
0.684493
0.683507
0.682521
0.681533
0.680544
0.679554
0.678562
0.677571
0.676577
0.675582
0.674586
0.673588
0.672589
0.671590
0.670589
0.669586
0.668582
0.667574
0.666566
0.665558
0.664549
0.663539
0.662529
0.661517
0.660503
0.659489
0.658473
0.657456
0.656439
0.655421
0.654402
0.653382
0.652360
0.651337
0.650314
0.649289
0.648263
0.647235
0.646206
0.645177
0.644147
0.643113
0.642078
0.641041
0.640004
0.638966
0.637926
0.636885
0.635844
0.634801
0.633756
0.632712
0.631667
0.630619
0.629571
0.628521
0.627471
0.626419
0.625367
0.624313
0.623258
0.622201
0.621143
0.620082
0.619020
0.617957
0.616894
0.615829
0.614763
0.613695
0.612626
0.611555
0.610483
0.609408
0.608334
0.607256
0.606177
0.605097
0.604012
0.602927
0.601840
0.600752
0.599660
0.598566
0.597472
0.596376
0.595280
0.594183
0.593085
0.591986
0.590886
0.589785
0.588681
0.587577
0.586472
0.585365
0.584258
0.583150
0.582041
0.580929
0.579816
0.578702
0.577587
0.576471
0.575353
0.574232
0.573110
0.571986
0.570862
0.569736
0.568607
0.567476
0.566345
0.565210
0.564075
0.562939
0.561801
0.560663
0.559522
0.558380
0.557236
0.556091
0.554946
0.553798
0.552648
0.551497
0.550344
0.549190
0.548036
0.546880
0.545721
0.544560
0.543397
0.542233
0.541066
0.539899
0.538729
0.537558
0.536385
0.535210
0.534032
0.532851
0.531669
0.530486
0.529299
0.528112
0.526923
0.525732
0.524540
0.523346
0.522148
0.520950
0.519751
0.518551
0.517347
0.516140
0.514931
0.513720
0.512507
0.511290
0.510073
0.508855
0.507633
0.506410
0.505185
0.503959
0.502730
0.501500
0.500267
0.499031
0.497795
0.496558
0.495319
0.494080
0.492837
0.491591
0.490340
0.489089
0.487833
0.486576
0.485318
0.484059
0.482798
0.481531
0.480263
0.478994
0.477723
0.476449
0.475174
0.473898
0.472622
0.471342
0.470062
0.468777
0.467490
0.466200
0.464908
0.463616
0.462322
0.461026
0.459728
0.458429
0.457127
0.455823
0.454517
0.453207
0.451891
0.450573
0.449253
0.447928
0.446600
0.445272
0.443942
0.442611
0.441277
0.439940
0.438600
0.437255
0.435907
0.434559
0.433208
0.431857
0.430503
0.429146
0.427786
0.426422
0.425052
0.423680
0.422307
0.420931
0.419552
0.418170
0.416784
0.415396
0.414006
0.412615
0.411222
0.409828
0.408432
0.407029
0.405620
0.404208
0.402793
0.401377
0.399957
0.398532
0.397106
0.395675
0.394242
0.392805
0.391366
0.389925
0.388483
0.387038
0.385589
0.384135
0.382680
0.381217
0.379753
0.378286
0.376817
0.375346
0.373872
0.372396
0.370916
0.369432
0.367937
0.366439
0.364937
0.363429
0.361921
0.360408
0.358886
0.357360
0.355833
0.354302
0.352765
0.351226
0.349684
0.348142
0.346591
0.345038
0.343481
0.341922
0.340358
0.338792
0.337225
0.335645
0.334059
0.332470
0.330876
0.329274
0.327669
0.326060
0.324446
0.322832
0.321214
0.319593
0.317966
0.316335
0.314703
0.313069
0.311430
0.309785
0.308139
0.306492
0.304839
0.303184
0.301523
0.299854
0.298175
0.296487
0.294791
0.293088
0.291377
0.289663
0.287944
0.286213
0.284475
0.282734
0.280986
0.279237
0.277482
0.275720
0.273945
0.272157
0.270366
0.268572
0.266778
0.264968
0.263158
0.261337
0.259510
0.257681
0.255848
0.254006
0.252153
0.250298
0.248432
0.246556
0.244674
0.242785
0.240875
0.238956
0.237037
0.235098
0.233142
0.231161
0.229170
0.227173
0.225164
0.223144
0.221122
0.219075
0.217025
0.214960
0.212889
0.210803
0.208712
0.206606
0.204496
0.202356
0.200202
0.198038
0.195834
0.193617
0.191394
0.189136
0.186867
0.184590
0.182291
0.179966
0.177614
0.175224
0.172833
0.170411
0.167946
0.165448
0.162931
0.160362
0.157788
0.155177
0.152555
0.149894
0.147148
0.144319
0.141458
0.138549
0.135557
0.132524
0.129459
0.126334
0.123151
0.119779
0.116240
0.112538
0.108772
0.104674
0.100000
