1.100000
1.098132
1.095273
1.092401
1.089387
1.086299
1.083150
1.079914
1.076560
1.073110
1.069603
1.066071
1.062504
1.058921
1.055325
1.051654
1.047975
1.044263
1.040503
1.036706
1.032847
1.028974
1.025082
1.021175
1.017247
1.013284
1.009317
1.005285
1.001203
0.997106
0.992994
0.988846
0.984635
0.980414
0.976165
0.971894
0.967586
0.963266
0.958930
0.954582
0.950231
0.945872
0.941477
0.937063
0.932640
0.928092
0.923514
0.918923
0.914316
0.909694
0.905057
0.900388
0.895691
0.890953
0.886179
0.881368
0.876535
0.871698
0.866856
0.861978
0.857089
0.852197
0.847233
0.842235
0.837220
0.832154
0.827083
0.821985
0.816867
0.811720
0.806529
0.801281
0.796014
0.790698
0.785359
0.780006
0.774577
0.769105
0.763610
0.758097
0.752514
0.746910
0.741290
0.735609
0.729848
0.723999
0.718115
0.712136
0.706149
0.700153
0.694085
0.687982
0.681836
0.675674
0.669428
0.663169
0.656897
0.650562
0.644185
0.637644
0.631023
0.624307
0.617577
0.610791
0.603993
0.597158
0.590269
0.583344
0.576347
0.569257
0.562107
0.554943
0.547675
0.540276
0.532823
0.525241
0.517618
0.509944
0.502162
0.494118
0.486022
0.477860
0.469681
0.461159
0.452564
0.443944
0.435264
0.426382
0.417151
0.407881
0.398431
0.388718
0.378851
0.368933
0.358769
0.348443
0.337928
0.327188
0.316104
0.304914
0.293478
0.281773
0.269611
0.257350
0.244307
0.231110
0.217498
0.202777
0.187721
0.172254
0.155957
0.138569
0.120374
0.100000
