1.100000
1.098413
1.095895
1.093320
1.090240
1.087077
1.083762
1.080355
1.076749
1.072987
1.069198
1.065257
1.061231
1.057166
1.053034
1.048840
1.044622
1.040382
1.036092
1.031800
1.027479
1.023083
1.018619
1.013981
1.009330
1.004583
0.999804
0.995019
0.990200
0.985363
0.980505
0.975636
0.970723
0.965768
0.960764
0.955750
0.950699
0.945515
0.940322
0.935088
0.929788
0.924442
0.919061
0.913641
0.908184
0.902703
0.897178
0.891608
0.885898
0.880169
0.874397
0.868594
0.862760
0.856845
0.850888
0.844909
0.838896
0.832809
0.826683
0.820503
0.814310
0.808075
0.801776
0.795458
0.789080
0.782677
0.776248
0.769794
0.763246
0.756654
0.750035
0.743379
0.736659
0.729873
0.722990
0.716064
0.709082
0.702075
0.694992
0.687836
0.680638
0.673409
0.666100
0.658743
0.651315
0.643801
0.636182
0.628461
0.620693
0.612906
0.604967
0.596969
0.588825
0.580642
0.572304
0.563914
0.555476
0.546924
0.538274
0.529611
0.520841
0.512046
0.503028
0.493913
0.484666
0.475338
0.465917
0.456298
0.446658
0.436926
0.427059
0.416977
0.406788
0.396240
0.385605
0.374827
0.363766
0.352655
0.341388
0.329800
0.317707
0.305323
0.292835
0.279993
0.266698
0.253069
0.239235
0.225099
0.210200
0.194574
0.178010
0.160253
0.141973
0.122513
0.100000
