1.100000
1.098198
1.095933
1.093327
1.090582
1.087659
1.084596
1.081451
1.078294
1.075110
1.071862
1.068591
1.065197
1.061697
1.058127
1.054492
1.050819
1.046990
1.043089
1.039145
1.035172
1.031138
1.027067
1.022961
1.018810
1.014655
1.010395
1.006112
1.001799
0.997436
0.992984
0.988460
0.983897
0.979276
0.974595
0.969908
0.965207
0.960470
0.955650
0.950771
0.945881
0.940966
0.936013
0.931008
0.925955
0.920881
0.915781
0.910603
0.905353
0.900084
0.894738
0.889383
0.883999
0.878555
0.873071
0.867502
0.861893
0.856271
0.850626
0.844940
0.839207
0.833374
0.827528
0.821629
0.815663
0.809606
0.803537
0.797369
0.791170
0.784933
0.778592
0.772236
0.765815
0.759363
0.752877
0.746390
0.739784
0.733122
0.726329
0.719516
0.712694
0.705858
0.698992
0.692088
0.685076
0.678008
0.670874
0.663711
0.656451
0.649158
0.641786
0.634389
0.626809
0.619207
0.611547
0.603761
0.595948
0.588066
0.580077
0.572003
0.563881
0.555591
0.547241
0.538773
0.530220
0.521568
0.512883
0.503977
0.494919
0.485669
0.476400
0.466906
0.457285
0.447605
0.437913
0.428077
0.417972
0.407616
0.396997
0.386070
0.374830
0.363365
0.351510
0.339427
0.327102
0.314412
0.301467
0.288302
0.274301
0.259803
0.244975
0.229876
0.214081
0.197774
0.180922
0.162364
0.143001
0.122131
0.100000
