1.100000
1.096187
1.092154
1.088107
1.084036
1.079875
1.075708
1.071451
1.067111
1.062666
1.058085
1.053318
1.048518
1.043580
1.038524
1.033411
1.028218
1.023015
1.017797
1.012563
1.007294
1.001991
0.996637
0.991215
0.985763
0.980240
0.974699
0.969021
0.963298
0.957551
0.951708
0.945853
0.939922
0.933979
0.928015
0.922021
0.915943
0.909786
0.903554
0.897296
0.890910
0.884519
0.878100
0.871633
0.865055
0.858394
0.851701
0.844994
0.838281
0.831519
0.824692
0.817826
0.810926
0.803933
0.796892
0.789819
0.782739
0.775628
0.768443
0.761219
0.753956
0.746652
0.739172
0.731690
0.724135
0.716522
0.708830
0.701046
0.693254
0.685383
0.677433
0.669412
0.661345
0.653267
0.644952
0.636563
0.628097
0.619570
0.610948
0.602257
0.593538
0.584614
0.575510
0.566395
0.557252
0.547990
0.538701
0.529296
0.519708
0.510074
0.500390
0.490478
0.480520
0.470319
0.460085
0.449829
0.439326
0.428635
0.417872
0.406709
0.395374
0.383988
0.372355
0.360477
0.348411
0.336094
0.323466
0.310436
0.297287
0.284107
0.270795
0.257067
0.242858
0.228176
0.213096
0.197251
0.180529
0.162910
0.143356
0.122141
0.100000
