1.100000
1.098528
1.096295
1.093763
1.091219
1.088661
1.085995
1.083205
1.080231
1.077145
1.074044
1.070835
1.067609
1.064373
1.061083
1.057781
1.054384
1.050974
1.047555
1.044070
1.040432
1.036720
1.032972
1.029183
1.025368
1.021525
1.017623
1.013677
1.009701
1.005686
1.001638
0.997580
0.993462
0.989319
0.985153
0.980942
0.976711
0.972457
0.968157
0.963848
0.959526
0.955160
0.950694
0.946196
0.941676
0.937130
0.932573
0.928004
0.923416
0.918786
0.914132
0.909452
0.904734
0.899970
0.895179
0.890365
0.885503
0.880633
0.875672
0.870648
0.865612
0.860515
0.855409
0.850264
0.845038
0.839810
0.834569
0.829278
0.823981
0.818565
0.813135
0.807637
0.802097
0.796534
0.790961
0.785332
0.779687
0.774028
0.768309
0.762542
0.756726
0.750817
0.744863
0.738843
0.732765
0.726670
0.720498
0.714310
0.708074
0.701754
0.695347
0.688925
0.682493
0.676026
0.669476
0.662860
0.656179
0.649410
0.642621
0.635723
0.628809
0.621743
0.614617
0.607420
0.600155
0.592784
0.585409
0.578013
0.570540
0.562934
0.555214
0.547372
0.539486
0.531435
0.523383
0.515286
0.507153
0.498989
0.490727
0.482327
0.473889
0.465348
0.456736
0.447863
0.438855
0.429501
0.420121
0.410667
0.400926
0.390932
0.380772
0.370453
0.360041
0.349481
0.337946
0.326373
0.314774
0.302980
0.290780
0.278194
0.265175
0.251360
0.237274
0.222917
0.208249
0.192986
0.176904
0.159732
0.141163
0.121837
0.100000
