1.100000
1.096861
1.093500
1.089791
1.086041
1.082261
1.078364
1.074307
1.070136
1.065853
1.061531
1.057126
1.052690
1.048103
1.043420
1.038649
1.033806
1.028940
1.024008
1.019047
1.014048
1.008910
1.003685
0.998409
0.993124
0.987829
0.982526
0.977165
0.971756
0.966302
0.960828
0.955325
0.949804
0.944232
0.938613
0.932984
0.927203
0.921217
0.915172
0.909107
0.902907
0.896642
0.890346
0.884036
0.877514
0.870910
0.864254
0.857539
0.850777
0.843979
0.837125
0.830234
0.823283
0.816274
0.809234
0.801939
0.794603
0.787245
0.779841
0.772348
0.764818
0.757178
0.749471
0.741663
0.733753
0.725606
0.717343
0.708860
0.700232
0.691539
0.682794
0.674010
0.665089
0.656142
0.647049
0.637826
0.628451
0.618939
0.609257
0.599354
0.589433
0.579411
0.569305
0.559156
0.548746
0.538248
0.527594
0.516801
0.505238
0.493593
0.481726
0.469498
0.457050
0.444499
0.431593
0.418180
0.404658
0.390573
0.376224
0.361143
0.346049
0.330880
0.314588
0.297605
0.279669
0.260303
0.240254
0.218261
0.194256
0.168024
0.138813
0.100000
