1.100000
1.097506
1.094856
1.092131
1.089164
1.086181
1.082983
1.079776
1.076544
1.073292
1.069977
1.066647
1.063257
1.059853
1.056437
1.052953
1.049369
1.045709
1.042033
1.038299
1.034486
1.030665
1.026841
1.022993
1.019134
1.015229
1.011314
1.007336
1.003221
0.999098
0.994938
0.990756
0.986510
0.982167
0.977821
0.973432
0.969002
0.964531
0.960049
0.955501
0.950940
0.946330
0.941695
0.937024
0.932312
0.927573
0.922818
0.918009
0.913183
0.908353
0.903505
0.898622
0.893720
0.888765
0.883767
0.878742
0.873662
0.868521
0.863301
0.858067
0.852798
0.847493
0.842127
0.836745
0.831317
0.825859
0.820373
0.814800
0.809128
0.803443
0.797719
0.791947
0.786092
0.780186
0.774202
0.768179
0.762134
0.755985
0.749785
0.743571
0.737318
0.730936
0.724460
0.717864
0.711251
0.704606
0.697908
0.691152
0.684364
0.677451
0.670433
0.663376
0.656279
0.649097
0.641897
0.634575
0.627215
0.619764
0.612274
0.604711
0.596957
0.589180
0.581342
0.573445
0.565419
0.557239
0.548996
0.540656
0.532173
0.523373
0.514552
0.505486
0.496242
0.486889
0.477390
0.467804
0.458139
0.448199
0.438167
0.427501
0.416585
0.405508
0.394130
0.382121
0.369861
0.357521
0.344999
0.332299
0.319032
0.305311
0.290987
0.276196
0.260553
0.243727
0.225834
0.207727
0.188925
0.169334
0.148469
0.125915
0.100000
