1.100000
1.099587
1.099101
1.098612
1.098112
1.097597
1.097046
1.096493
1.095872
1.095249
1.094609
1.093964
1.093304
1.092631
1.091952
1.091266
1.090580
1.089884
1.089187
1.088480
1.087761
1.087024
1.086283
1.085533
1.084775
1.084001
1.083227
1.082448
1.081660
1.080863
1.080064
1.079260
1.078448
1.077632
1.076813
1.075993
1.075157
1.074318
1.073477
1.072628
1.071777
1.070925
1.070063
1.069201
1.068337
1.067466
1.066593
1.065716
1.064839
1.063960
1.063079
1.062191
1.061299
1.060404
1.059509
1.058608
1.057705
1.056797
1.055885
1.054972
1.054053
1.053132
1.052209
1.051286
1.050359
1.049432
1.048502
1.047561
1.046619
1.045675
1.044730
1.043785
1.042837
1.041889
1.040938
1.039985
1.039031
1.038071
1.037111
1.036141
1.035168
1.034193
1.033215
1.032237
1.031254
1.030270
1.029281
1.028288
1.027294
1.026301
1.025305
1.024305
1.023303
1.022301
1.021294
1.020285
1.019273
1.018261
1.017246
1.016228
1.015207
1.014184
1.013157
1.012128
1.011098
1.010066
1.009033
1.007991
1.006938
1.005881
1.004820
1.003756
1.002683
1.001610
1.000537
0.999461
0.998378
0.997294
0.996209
0.995121
0.994021
0.992917
0.991812
0.990707
0.989598
0.988487
0.987375
0.986262
0.985144
0.984024
0.982900
0.981776
0.980648
0.979517
0.978385
0.977247
0.976109
0.974969
0.973821
0.972672
0.971521
0.970365
0.969207
0.968045
0.966883
0.965716
0.964544
0.963372
0.962198
0.961022
0.959844
0.958664
0.957482
0.956298
0.955113
0.953927
0.952737
0.951546
0.950352
0.949157
0.947959
0.946760
0.945558
0.944352
0.943145
0.941937
0.940720
0.939503
0.938286
0.937066
0.935843
0.934621
0.933397
0.932171
0.930938
0.929700
0.928460
0.927217
0.925973
0.924726
0.923478
0.922230
0.920980
0.919720
0.918457
0.917193
0.915929
0.914661
0.913391
0.912119
0.910846
0.909570
0.908293
0.907014
0.905734
0.904452
0.903169
0.901883
0.900594
0.899304
0.898009
0.896714
0.895416
0.894115
0.892813
0.891506
0.890197
0.888886
0.887574
0.886260
0.884943
0.883624
0.882303
0.880980
0.879655
0.878329
0.877000
0.875671
0.874338
0.873000
0.871659
0.870316
0.868969
0.867620
0.866267
0.864911
0.863554
0.862195
0.860835
0.859472
0.858106
0.856739
0.855370
0.854000
0.852627
0.851249
0.849870
0.848491
0.847109
0.845725
0.844339
0.842952
0.841564
0.840174
0.838776
0.837378
0.835975
0.834573
0.833168
0.831759
0.830349
0.828935
0.827519
0.826101
0.824678
0.823253
0.821826
0.820397
0.818967
0.817532
0.816096
0.814658
0.813218
0.811775
0.810329
0.808883
0.807432
0.805979
0.804522
0.803061
0.801601
0.800138
0.798670
0.797200
0.795728
0.794254
0.792776
0.791295
0.789811
0.788323
0.786834
0.785339
0.783837
0.782330
0.780818
0.779304
0.777787
0.776263
0.774737
0.773209
0.771677
0.770143
0.768605
0.767067
0.765526
0.763984
0.762435
0.760882
0.759323
0.757760
0.756193
0.754623
0.753051
0.751476
0.749896
0.748311
0.746725
0.745136
0.743545
0.741953
0.740358
0.738756
0.737152
0.735545
0.733937
0.732325
0.730707
0.729077
0.727446
0.725813
0.724180
0.722543
0.720903
0.719257
0.717610
0.715956
0.714301
0.712642
0.710977
0.709310
0.707641
0.705964
0.704284
0.702604
0.700922
0.699236
0.697550
0.695861
0.694163
0.692459
0.690748
0.689030
0.687310
0.685586
0.683860
0.682128
0.680388
0.678647
0.676901
0.675153
0.673402
0.671643
0.669883
0.668122
0.666354
0.664581
0.662807
0.661033
0.659254
0.657471
0.655683
0.653893
0.652100
0.650299
0.648493
0.646685
0.644873
0.643059
0.641241
0.639412
0.637581
0.635743
0.633904
0.632060
0.630209
0.628341
0.626472
0.624600
0.622727
0.620849
0.618965
0.617075
0.615184
0.613284
0.611382
0.609475
0.607563
0.605650
0.603730
0.601806
0.599866
0.597927
0.595981
0.594028
0.592075
0.590119
0.588158
0.586184
0.584200
0.582214
0.580227
0.578239
0.576241
0.574243
0.572228
0.570212
0.568188
0.566158
0.564122
0.562083
0.560040
0.557994
0.555941
0.553884
0.551816
0.549743
0.547665
0.545585
0.543485
0.541378
0.539266
0.537148
0.535023
0.532895
0.530762
0.528622
0.526469
0.524311
0.522140
0.519966
0.517783
0.515598
0.513404
0.511202
0.508990
0.506778
0.504555
0.502327
0.500084
0.497825
0.495563
0.493296
0.491020
0.488734
0.486437
0.484131
0.481816
0.479496
0.477171
0.474837
0.472494
0.470149
0.467796
0.465434
0.463039
0.460643
0.458244
0.455831
0.453411
0.450964
0.448511
0.446055
0.443561
0.441049
0.438518
0.435979
0.433436
0.430887
0.428335
0.425756
0.423157
0.420553
0.417926
0.415287
0.412619
0.409935
0.407235
0.404529
0.401807
0.399080
0.396328
0.393566
0.390795
0.388008
0.385210
0.382395
0.379553
0.376704
0.373813
0.370880
0.367931
0.364973
0.361984
0.358983
0.355975
0.352940
0.349892
0.346832
0.343757
0.340661
0.337536
0.334386
0.331202
0.328009
0.324771
0.321492
0.318207
0.314865
0.311506
0.308094
0.304673
0.301217
0.297743
0.294266
0.290742
0.287206
0.283637
0.280038
0.276383
0.272683
0.268971
0.265255
0.261517
0.257685
0.253812
0.249918
0.245992
0.242006
0.237979
0.233940
0.229845
0.225670
0.221472
0.217221
0.212850
0.208394
0.203907
0.199329
0.194660
0.189864
0.184942
0.179942
0.174859
0.169747
0.164471
0.159019
0.153512
0.147860
0.142109
0.136160
0.129912
0.123230
0.116019
0.108317
0.100000
