1.100000
1.098560
1.096969
1.095341
1.093613
1.091837
1.089774
1.087698
1.085547
1.083340
1.081005
1.078663
1.076286
1.073859
1.071409
1.068957
1.066490
1.064009
1.061509
1.058990
1.056464
1.053923
1.051372
1.048814
1.046247
1.043672
1.041034
1.038393
1.035728
1.033045
1.030357
1.027664
1.024958
1.022249
1.019510
1.016759
1.014004
1.011234
1.008456
1.005668
1.002847
1.000025
0.997191
0.994310
0.991424
0.988527
0.985628
0.982704
0.979773
0.976828
0.973876
0.970913
0.967946
0.964963
0.961973
0.958973
0.955956
0.952936
0.949910
0.946870
0.943815
0.940752
0.937682
0.934562
0.931440
0.928308
0.925146
0.921966
0.918778
0.915573
0.912366
0.909156
0.905924
0.902675
0.899418
0.896144
0.892863
0.889557
0.886230
0.882894
0.879542
0.876182
0.872802
0.869410
0.866010
0.862604
0.859181
0.855752
0.852315
0.848862
0.845372
0.841872
0.838306
0.834708
0.831106
0.827499
0.823871
0.820235
0.816583
0.812926
0.809228
0.805522
0.801789
0.798049
0.794271
0.790485
0.786693
0.782891
0.779067
0.775218
0.771353
0.767479
0.763600
0.759713
0.755825
0.751919
0.747998
0.744064
0.740088
0.736083
0.732053
0.728018
0.723965
0.719897
0.715768
0.711611
0.707444
0.703258
0.699062
0.694861
0.690633
0.686389
0.682133
0.677863
0.673585
0.669283
0.664965
0.660617
0.656248
0.651874
0.647491
0.643026
0.638556
0.634049
0.629515
0.624974
0.620426
0.615848
0.611241
0.606631
0.602000
0.597367
0.592721
0.588019
0.583310
0.578579
0.573775
0.568913
0.564024
0.559123
0.554160
0.549181
0.544188
0.539189
0.534137
0.529021
0.523889
0.518751
0.513596
0.508410
0.503127
0.497797
0.492440
0.487054
0.481661
0.476235
0.470790
0.465312
0.459737
0.454141
0.448515
0.442842
0.437076
0.431240
0.425363
0.419483
0.413543
0.407583
0.401523
0.395442
0.389317
0.383133
0.376899
0.370607
0.364302
0.357965
0.351543
0.344972
0.338330
0.331685
0.324923
0.318159
0.311255
0.304245
0.297199
0.290117
0.282973
0.275622
0.268263
0.260808
0.253137
0.245302
0.237466
0.229423
0.221196
0.212905
0.204461
0.195764
0.187012
0.177839
0.168313
0.158501
0.148121
0.137200
0.125951
0.113706
0.100000
