1.100000
1.098383
1.096543
1.094682
1.092813
1.090921
1.089025
1.087073
1.084893
1.082662
1.080317
1.077928
1.075479
1.072961
1.070429
1.067893
1.065342
1.062776
1.060185
1.057564
1.054896
1.052222
1.049500
1.046757
1.044002
1.041219
1.038386
1.035532
1.032648
1.029736
1.026797
1.023851
1.020895
1.017919
1.014890
1.011822
1.008726
1.005623
1.002517
0.999392
0.996227
0.993034
0.989811
0.986570
0.983288
0.979959
0.976630
0.973291
0.969932
0.966532
0.963119
0.959677
0.956223
0.952739
0.949219
0.945668
0.942110
0.938455
0.934745
0.931018
0.927285
0.923537
0.919761
0.915959
0.912128
0.908289
0.904428
0.900559
0.896667
0.892718
0.888752
0.884763
0.880750
0.876731
0.872685
0.868631
0.864562
0.860481
0.856382
0.852254
0.848103
0.843924
0.839738
0.835537
0.831319
0.827092
0.822828
0.818524
0.814181
0.809828
0.805416
0.800983
0.796533
0.792070
0.787575
0.783036
0.778444
0.773831
0.769164
0.764495
0.759787
0.755035
0.750209
0.745312
0.740384
0.735417
0.730420
0.725385
0.720325
0.715246
0.710151
0.705037
0.699875
0.694702
0.689479
0.684211
0.678906
0.673551
0.668137
0.662680
0.657126
0.651560
0.645840
0.640102
0.634256
0.628269
0.622268
0.616240
0.610141
0.604019
0.597787
0.591510
0.585145
0.578719
0.572258
0.565589
0.558869
0.552009
0.545040
0.538001
0.530873
0.523677
0.516176
0.508430
0.500577
0.492651
0.484656
0.476572
0.468403
0.460146
0.451714
0.443146
0.434347
0.425060
0.415724
0.406385
0.396670
0.386850
0.376707
0.366332
0.355687
0.344902
0.333854
0.322699
0.311396
0.299704
0.287961
0.275751
0.262954
0.250020
0.236302
0.222297
0.208036
0.192798
0.177009
0.159742
0.142106
0.122559
0.100000
