1.100000
1.097348
1.094553
1.091442
1.088306
1.084959
1.081508
1.078014
1.074488
1.070836
1.067093
1.063185
1.059248
1.055288
1.051308
1.047141
1.042848
1.038548
1.034117
1.029571
1.024987
1.020329
1.015653
1.010894
1.006108
1.001316
0.996516
0.991658
0.986734
0.981799
0.976841
0.971852
0.966844
0.961753
0.956608
0.951408
0.946203
0.940920
0.935571
0.930179
0.924773
0.919239
0.913677
0.908087
0.902481
0.896655
0.890777
0.884893
0.878982
0.872956
0.866920
0.860839
0.854731
0.848600
0.842403
0.836133
0.829861
0.823477
0.817070
0.810638
0.804152
0.797575
0.790915
0.784227
0.777447
0.770606
0.763718
0.756744
0.749712
0.742629
0.735462
0.728266
0.720987
0.713647
0.706250
0.698791
0.691291
0.683585
0.675769
0.667937
0.659874
0.651685
0.643454
0.635191
0.626876
0.618273
0.609612
0.600719
0.591742
0.582584
0.573171
0.563630
0.553947
0.544147
0.534226
0.524258
0.513843
0.503296
0.492675
0.481921
0.471047
0.460107
0.449146
0.437858
0.426308
0.414576
0.402500
0.390210
0.377787
0.364903
0.351764
0.338087
0.324117
0.309658
0.294654
0.279439
0.263399
0.246889
0.229538
0.211726
0.193031
0.173332
0.151884
0.130272
0.100000
