1.100000
1.098095
1.095958
1.093635
1.091232
1.088822
1.086282
1.083652
1.080938
1.078206
1.075429
1.072643
1.069801
1.066911
1.064013
1.061069
1.058112
1.055135
1.052146
1.049147
1.046111
1.043042
1.039965
1.036875
1.033772
1.030626
1.027428
1.024172
1.020889
1.017473
1.013972
1.010431
1.006858
1.003237
0.999607
0.995971
0.992289
0.988579
0.984850
0.981107
0.977307
0.973494
0.969668
0.965813
0.961928
0.958031
0.954056
0.950071
0.946053
0.942028
0.937940
0.933822
0.929692
0.925543
0.921373
0.917196
0.912993
0.908762
0.904488
0.900184
0.895865
0.891540
0.887191
0.882821
0.878428
0.874022
0.869595
0.865140
0.860574
0.855995
0.851413
0.846807
0.842155
0.837480
0.832742
0.827992
0.823233
0.818469
0.813673
0.808840
0.803999
0.799115
0.794176
0.789186
0.784169
0.779099
0.773992
0.768809
0.763588
0.758343
0.753066
0.747743
0.742390
0.737033
0.731525
0.726007
0.720428
0.714839
0.709213
0.703564
0.697880
0.692092
0.686258
0.680404
0.674437
0.668437
0.662411
0.656353
0.650261
0.644115
0.637948
0.631736
0.625469
0.619137
0.612787
0.606372
0.599896
0.593398
0.586810
0.580165
0.573473
0.566741
0.559932
0.553063
0.546114
0.539133
0.532007
0.524698
0.517325
0.509872
0.502335
0.494670
0.486922
0.479063
0.471085
0.463079
0.454942
0.446662
0.438313
0.429739
0.421100
0.412204
0.403303
0.394188
0.385052
0.375903
0.366396
0.356813
0.347125
0.337402
0.327317
0.317081
0.306588
0.296087
0.285215
0.274112
0.262633
0.250792
0.238586
0.225868
0.212532
0.199017
0.184608
0.169768
0.154716
0.137976
0.120370
0.100000
