1.100000
1.095427
1.090329
1.084988
1.079547
1.073857
1.068003
1.062062
1.055967
1.049859
1.043688
1.037495
1.031265
1.024847
1.018392
1.011796
1.005172
0.998448
0.991716
0.984932
0.978058
0.971131
0.964167
0.957062
0.949839
0.942550
0.935223
0.927777
0.920299
0.912758
0.905111
0.897442
0.889651
0.881727
0.873794
0.865674
0.857381
0.849039
0.840466
0.831748
0.822927
0.814093
0.805210
0.796231
0.787231
0.778175
0.768999
0.759649
0.750230
0.740704
0.731144
0.721518
0.711775
0.701875
0.691887
0.681877
0.671390
0.660773
0.649986
0.639167
0.628241
0.617165
0.606049
0.594812
0.583256
0.571403
0.559517
0.547474
0.535214
0.522681
0.509852
0.496578
0.483123
0.469299
0.455279
0.441205
0.426538
0.411468
0.396142
0.380011
0.362822
0.345297
0.327174
0.308704
0.289420
0.269709
0.249054
0.227666
0.205777
0.182306
0.157655
0.130415
0.100000
