1.100000
1.099617
1.099173
1.098696
1.098175
1.097642
1.097064
1.096478
1.095858
1.095210
1.094554
1.093889
1.093220
1.092541
1.091850
1.091150
1.090438
1.089722
1.089003
1.088277
1.087546
1.086797
1.086047
1.085295
1.084532
1.083767
1.083002
1.082235
1.081464
1.080690
1.079913
1.079133
1.078343
1.077546
1.076745
1.075940
1.075128
1.074317
1.073500
1.072682
1.071862
1.071040
1.070213
1.069383
1.068550
1.067714
1.066874
1.066031
1.065182
1.064329
1.063470
1.062607
1.061739
1.060872
1.060001
1.059128
1.058250
1.057372
1.056493
1.055612
1.054730
1.053846
1.052960
1.052070
1.051169
1.050265
1.049360
1.048452
1.047543
1.046631
1.045716
1.044799
1.043878
1.042955
1.042029
1.041103
1.040175
1.039244
1.038311
1.037374
1.036435
1.035495
1.034552
1.033608
1.032661
1.031713
1.030763
1.029805
1.028846
1.027884
1.026920
1.025954
1.024987
1.024018
1.023044
1.022066
1.021084
1.020100
1.019114
1.018127
1.017137
1.016145
1.015148
1.014150
1.013152
1.012151
1.011150
1.010145
1.009136
1.008126
1.007113
1.006099
1.005084
1.004069
1.003052
1.002033
1.001011
0.999989
0.998964
0.997938
0.996912
0.995884
0.994849
0.993812
0.992772
0.991730
0.990683
0.989634
0.988584
0.987533
0.986483
0.985430
0.984375
0.983318
0.982258
0.981198
0.980136
0.979074
0.978007
0.976937
0.975867
0.974794
0.973718
0.972642
0.971563
0.970485
0.969405
0.968323
0.967237
0.966148
0.965058
0.963965
0.962869
0.961769
0.960664
0.959559
0.958453
0.957344
0.956235
0.955124
0.954010
0.952891
0.951772
0.950652
0.949529
0.948406
0.947281
0.946156
0.945018
0.943874
0.942730
0.941580
0.940428
0.939275
0.938116
0.936954
0.935792
0.934630
0.933466
0.932300
0.931132
0.929962
0.928791
0.927618
0.926441
0.925261
0.924081
0.922897
0.921713
0.920528
0.919339
0.918146
0.916949
0.915747
0.914544
0.913339
0.912133
0.910925
0.909714
0.908502
0.907287
0.906068
0.904846
0.903623
0.902400
0.901175
0.899948
0.898718
0.897486
0.896252
0.895017
0.893779
0.892539
0.891298
0.890057
0.888811
0.887560
0.886307
0.885053
0.883798
0.882536
0.881273
0.880009
0.878740
0.877471
0.876202
0.874931
0.873658
0.872381
0.871100
0.869815
0.868529
0.867242
0.865951
0.864658
0.863362
0.862064
0.860765
0.859465
0.858163
0.856861
0.855556
0.854248
0.852940
0.851630
0.850318
0.849000
0.847680
0.846360
0.845038
0.843710
0.842380
0.841048
0.839716
0.838381
0.837045
0.835704
0.834360
0.833014
0.831664
0.830312
0.828959
0.827605
0.826248
0.824889
0.823524
0.822155
0.820783
0.819407
0.818026
0.816642
0.815255
0.813867
0.812477
0.811084
0.809685
0.808285
0.806883
0.805480
0.804074
0.802666
0.801256
0.799845
0.798432
0.797015
0.795589
0.794157
0.792724
0.791290
0.789854
0.788416
0.786977
0.785537
0.784097
0.782649
0.781200
0.779749
0.778293
0.776837
0.775373
0.773908
0.772438
0.770964
0.769487
0.768000
0.766511
0.765018
0.763523
0.762024
0.760525
0.759025
0.757521
0.756012
0.754501
0.752985
0.751467
0.749945
0.748420
0.746891
0.745361
0.743831
0.742298
0.740761
0.739219
0.737675
0.736128
0.734573
0.733013
0.731451
0.729884
0.728316
0.726744
0.725168
0.723588
0.722006
0.720423
0.718837
0.717248
0.715654
0.714057
0.712457
0.710854
0.709242
0.707626
0.706008
0.704389
0.702766
0.701140
0.699505
0.697869
0.696231
0.694592
0.692952
0.691308
0.689662
0.688014
0.686361
0.684698
0.683034
0.681369
0.679696
0.678021
0.676344
0.674661
0.672972
0.671280
0.669586
0.667885
0.666181
0.664474
0.662758
0.661041
0.659319
0.657589
0.655858
0.654124
0.652385
0.650643
0.648900
0.647154
0.645405
0.643654
0.641897
0.640138
0.638377
0.636611
0.634845
0.633070
0.631291
0.629511
0.627719
0.625924
0.624128
0.622323
0.620510
0.618698
0.616876
0.615052
0.613224
0.611395
0.609564
0.607724
0.605880
0.604035
0.602183
0.600323
0.598458
0.596586
0.594706
0.592819
0.590928
0.589033
0.587137
0.585237
0.583333
0.581423
0.579509
0.577587
0.575659
0.573731
0.571801
0.569863
0.567917
0.565966
0.564013
0.562049
0.560080
0.558109
0.556133
0.554151
0.552165
0.550167
0.548165
0.546155
0.544138
0.542118
0.540096
0.538073
0.536048
0.534013
0.531967
0.529913
0.527853
0.525789
0.523720
0.521648
0.519573
0.517495
0.515402
0.513299
0.511192
0.509080
0.506959
0.504832
0.502696
0.500559
0.498410
0.496259
0.494098
0.491936
0.489768
0.487598
0.485427
0.483246
0.481059
0.478857
0.476646
0.474429
0.472199
0.469968
0.467730
0.465479
0.463219
0.460940
0.458660
0.456378
0.454088
0.451793
0.449484
0.447161
0.444823
0.442480
0.440131
0.437781
0.435421
0.433052
0.430671
0.428285
0.425884
0.423483
0.421067
0.418634
0.416188
0.413731
0.411270
0.408792
0.406311
0.403818
0.401319
0.398808
0.396287
0.393756
0.391209
0.388648
0.386086
0.383511
0.380921
0.378289
0.375654
0.372993
0.370318
0.367641
0.364948
0.362248
0.359547
0.356827
0.354088
0.351331
0.348574
0.345801
0.343005
0.340175
0.337340
0.334463
0.331573
0.328668
0.325749
0.322817
0.319878
0.316918
0.313956
0.310969
0.307973
0.304952
0.301898
0.298828
0.295721
0.292613
0.289463
0.286275
0.283085
0.279886
0.276673
0.273432
0.270149
0.266821
0.263471
0.260094
0.256673
0.253212
0.249748
0.246242
0.242721
0.239169
0.235555
0.231935
0.228284
0.224616
0.220903
0.217138
0.213339
0.209497
0.205631
0.201638
0.197643
0.193594
0.189511
0.185326
0.181062
0.176698
0.172275
0.167816
0.163148
0.158466
0.153691
0.148783
0.143731
0.138463
0.133038
0.127282
0.121397
0.115127
0.107987
0.100000
