1.100000
1.098971
1.097794
1.096567
1.095301
1.093972
1.092621
1.091260
1.089882
1.088485
1.087065
1.085605
1.084137
1.082657
1.081169
1.079670
1.078168
1.076657
1.075128
1.073558
1.071987
1.070409
1.068829
1.067218
1.065596
1.063970
1.062323
1.060663
1.058998
1.057321
1.055631
1.053911
1.052179
1.050427
1.048641
1.046851
1.045053
1.043250
1.041444
1.039637
1.037798
1.035956
1.034113
1.032245
1.030377
1.028473
1.026554
1.024622
1.022690
1.020733
1.018761
1.016783
1.014797
1.012808
1.010816
1.008815
1.006811
1.004798
1.002781
1.000756
0.998702
0.996626
0.994548
0.992460
0.990356
0.988250
0.986135
0.984009
0.981880
0.979744
0.977607
0.975468
0.973305
0.971131
0.968950
0.966764
0.964561
0.962355
0.960145
0.957931
0.955700
0.953467
0.951233
0.948990
0.946743
0.944495
0.942243
0.939987
0.937729
0.935445
0.933156
0.930862
0.928550
0.926236
0.923909
0.921575
0.919225
0.916867
0.914503
0.912121
0.909736
0.907346
0.904945
0.902541
0.900131
0.897697
0.895250
0.892794
0.890337
0.887876
0.885407
0.882935
0.880442
0.877941
0.875428
0.872906
0.870377
0.867840
0.865286
0.862732
0.860173
0.857600
0.855021
0.852433
0.849842
0.847235
0.844619
0.842000
0.839366
0.836718
0.834064
0.831396
0.828722
0.826031
0.823322
0.820612
0.817893
0.815166
0.812437
0.809705
0.806963
0.804214
0.801456
0.798688
0.795907
0.793122
0.790325
0.787513
0.784690
0.781865
0.779034
0.776183
0.773316
0.770433
0.767550
0.764641
0.761728
0.758812
0.755886
0.752950
0.750009
0.747049
0.744088
0.741119
0.738134
0.735138
0.732124
0.729100
0.726071
0.723039
0.719981
0.716918
0.713848
0.710765
0.707678
0.704579
0.701472
0.698355
0.695226
0.692077
0.688899
0.685717
0.682531
0.679333
0.676111
0.672886
0.669649
0.666377
0.663087
0.659786
0.656466
0.653104
0.649732
0.646345
0.642952
0.639538
0.636121
0.632694
0.629233
0.625765
0.622279
0.618792
0.615281
0.611752
0.608197
0.604610
0.601008
0.597387
0.593754
0.590115
0.586421
0.582716
0.578991
0.575251
0.571470
0.567686
0.563877
0.560052
0.556221
0.552357
0.548451
0.544521
0.540588
0.536646
0.532656
0.528626
0.524534
0.520395
0.516236
0.512014
0.507768
0.503509
0.499197
0.494875
0.490536
0.486137
0.481730
0.477259
0.472784
0.468274
0.463754
0.459209
0.454619
0.450005
0.445347
0.440642
0.435809
0.430971
0.426122
0.421222
0.416187
0.411120
0.405947
0.400707
0.395354
0.389948
0.384474
0.378894
0.373289
0.367469
0.361619
0.355630
0.349595
0.343510
0.337338
0.331134
0.324864
0.318525
0.312115
0.305554
0.298960
0.292223
0.285420
0.278331
0.271117
0.263690
0.256155
0.248325
0.240489
0.232398
0.224182
0.215676
0.207009
0.198258
0.189124
0.179871
0.170015
0.160022
0.149388
0.138337
0.126709
0.114390
0.100000
