1.100000
1.098561
1.097076
1.095571
1.093981
1.092338
1.090683
1.089009
1.087283
1.085554
1.083697
1.081802
1.079884
1.077940
1.075973
1.073980
1.071963
1.069942
1.067867
1.065775
1.063682
1.061581
1.059478
1.057374
1.055241
1.053089
1.050928
1.048758
1.046573
1.044382
1.042151
1.039870
1.037579
1.035284
1.032953
1.030570
1.028165
1.025740
1.023302
1.020861
1.018395
1.015920
1.013433
1.010941
1.008448
1.005946
1.003431
1.000910
0.998348
0.995765
0.993180
0.990582
0.987973
0.985347
0.982711
0.980072
0.977430
0.974786
0.972125
0.969459
0.966780
0.964090
0.961393
0.958687
0.955972
0.953246
0.950513
0.947778
0.945042
0.942296
0.939541
0.936784
0.934009
0.931221
0.928419
0.925613
0.922803
0.919987
0.917157
0.914309
0.911430
0.908540
0.905641
0.902735
0.899816
0.896885
0.893951
0.891001
0.888036
0.885069
0.882095
0.879115
0.876130
0.873145
0.870150
0.867146
0.864139
0.861120
0.858095
0.855059
0.852003
0.848936
0.845860
0.842776
0.839685
0.836576
0.833452
0.830324
0.827187
0.824039
0.820883
0.817715
0.814532
0.811339
0.808138
0.804936
0.801727
0.798496
0.795260
0.791996
0.788722
0.785413
0.782095
0.778760
0.775419
0.772057
0.768684
0.765307
0.761928
0.758534
0.755120
0.751703
0.748241
0.744770
0.741291
0.737790
0.734285
0.730777
0.727264
0.723734
0.720199
0.716654
0.713098
0.709535
0.705965
0.702380
0.698784
0.695157
0.691527
0.687895
0.684255
0.680607
0.676952
0.673273
0.669570
0.665846
0.662109
0.658363
0.654592
0.650805
0.647010
0.643208
0.639389
0.635537
0.631677
0.627796
0.623903
0.620003
0.616096
0.612155
0.608192
0.604163
0.600130
0.596085
0.592023
0.587920
0.583798
0.579668
0.575535
0.571376
0.567172
0.562941
0.558695
0.554439
0.550165
0.545871
0.541570
0.537251
0.532926
0.528598
0.524232
0.519854
0.515429
0.510933
0.506423
0.501888
0.497342
0.492764
0.488171
0.483522
0.478841
0.474130
0.469369
0.464575
0.459744
0.454911
0.450058
0.445195
0.440298
0.435386
0.430428
0.425416
0.420364
0.415299
0.410218
0.405107
0.399908
0.394647
0.389382
0.384090
0.378747
0.373324
0.367847
0.362318
0.356728
0.351069
0.345342
0.339580
0.333760
0.327742
0.321565
0.315361
0.309036
0.302642
0.296127
0.289609
0.282946
0.276202
0.269371
0.262536
0.255588
0.248474
0.241160
0.233834
0.226409
0.218819
0.210899
0.202700
0.194321
0.185604
0.176599
0.167072
0.157301
0.147263
0.136683
0.125591
0.113200
0.100000
