1.100000
1.098488
1.096934
1.095318
1.093679
1.092012
1.090282
1.088495
1.086603
1.084668
1.082630
1.080587
1.078541
1.076476
1.074390
1.072292
1.070190
1.068066
1.065937
1.063771
1.061578
1.059344
1.057097
1.054836
1.052547
1.050255
1.047948
1.045636
1.043281
1.040926
1.038563
1.036189
1.033805
1.031367
1.028926
1.026483
1.024027
1.021555
1.019063
1.016559
1.014044
1.011525
1.008994
1.006463
1.003926
1.001371
0.998808
0.996236
0.993659
0.991064
0.988454
0.985840
0.983214
0.980589
0.977940
0.975274
0.972602
0.969921
0.967232
0.964537
0.961838
0.959126
0.956408
0.953677
0.950947
0.948187
0.945423
0.942629
0.939833
0.937030
0.934206
0.931370
0.928518
0.925660
0.922788
0.919906
0.917002
0.914083
0.911145
0.908205
0.905256
0.902296
0.899322
0.896346
0.893364
0.890371
0.887367
0.884355
0.881314
0.878264
0.875207
0.872140
0.869063
0.865973
0.862882
0.859767
0.856632
0.853490
0.850337
0.847169
0.843994
0.840812
0.837625
0.834421
0.831200
0.827975
0.824739
0.821488
0.818234
0.814962
0.811681
0.808390
0.805085
0.801773
0.798446
0.795099
0.791735
0.788358
0.784979
0.781585
0.778183
0.774780
0.771364
0.767924
0.764467
0.761001
0.757521
0.754034
0.750509
0.746975
0.743430
0.739878
0.736315
0.732746
0.729167
0.725551
0.721913
0.718257
0.714599
0.710926
0.707243
0.703537
0.699817
0.696056
0.692280
0.688482
0.684654
0.680819
0.676980
0.673129
0.669255
0.665371
0.661462
0.657540
0.653611
0.649676
0.645720
0.641737
0.637752
0.633750
0.629708
0.625660
0.621599
0.617518
0.613421
0.609298
0.605140
0.600977
0.596798
0.592591
0.588373
0.584124
0.579845
0.575546
0.571217
0.566882
0.562528
0.558160
0.553765
0.549338
0.544895
0.540432
0.535916
0.531385
0.526831
0.522253
0.517668
0.513002
0.508331
0.503654
0.498920
0.494117
0.489304
0.484472
0.479587
0.474650
0.469683
0.464656
0.459603
0.454490
0.449342
0.444129
0.438902
0.433653
0.428390
0.423114
0.417826
0.412501
0.407148
0.401740
0.396306
0.390855
0.385379
0.379865
0.374282
0.368651
0.362925
0.357192
0.351359
0.345521
0.339625
0.333649
0.327612
0.321547
0.315368
0.309068
0.302729
0.296324
0.289816
0.283059
0.276283
0.269405
0.262506
0.255482
0.248369
0.241151
0.233831
0.226292
0.218444
0.210450
0.202289
0.194066
0.185500
0.176522
0.167446
0.158055
0.148011
0.137467
0.126179
0.114187
0.100000
