1.100000
1.098534
1.097015
1.095320
1.093530
1.091730
1.089882
1.088009
1.086131
1.084240
1.082286
1.080310
1.078319
1.076298
1.074245
1.072186
1.070084
1.067972
1.065832
1.063668
1.061478
1.059258
1.057026
1.054785
1.052533
1.050265
1.047993
1.045712
1.043385
1.041030
1.038656
1.036278
1.033898
1.031511
1.029122
1.026723
1.024314
1.021901
1.019479
1.017049
1.014618
1.012180
1.009730
1.007257
1.004767
1.002271
0.999752
0.997228
0.994694
0.992161
0.989615
0.987056
0.984496
0.981931
0.979341
0.976722
0.974083
0.971444
0.968776
0.966105
0.963432
0.960752
0.958063
0.955354
0.952643
0.949917
0.947183
0.944444
0.941697
0.938942
0.936180
0.933417
0.930637
0.927839
0.925041
0.922235
0.919413
0.916581
0.913734
0.910875
0.907997
0.905104
0.902205
0.899299
0.896385
0.893440
0.890492
0.887530
0.884538
0.881540
0.878531
0.875510
0.872477
0.869425
0.866355
0.863266
0.860173
0.857075
0.853962
0.850847
0.847729
0.844606
0.841466
0.838313
0.835141
0.831956
0.828767
0.825560
0.822343
0.819116
0.815885
0.812644
0.809399
0.806136
0.802826
0.799514
0.796202
0.792881
0.789542
0.786188
0.782819
0.779447
0.776057
0.772656
0.769246
0.765817
0.762369
0.758914
0.755427
0.751925
0.748419
0.744901
0.741365
0.737810
0.734217
0.730606
0.726974
0.723312
0.719620
0.715910
0.712193
0.708471
0.704729
0.700986
0.697227
0.693439
0.689635
0.685819
0.681972
0.678113
0.674235
0.670331
0.666411
0.662470
0.658507
0.654527
0.650531
0.646510
0.642481
0.638438
0.634360
0.630247
0.626132
0.621994
0.617796
0.613567
0.609330
0.605066
0.600783
0.596492
0.592180
0.587834
0.583454
0.579031
0.574585
0.570114
0.565571
0.561007
0.556416
0.551794
0.547154
0.542477
0.537768
0.533051
0.528268
0.523421
0.518545
0.513643
0.508735
0.503804
0.498826
0.493830
0.488782
0.483650
0.478464
0.473262
0.467978
0.462652
0.457309
0.451936
0.446487
0.440941
0.435376
0.429798
0.424164
0.418480
0.412752
0.406846
0.400882
0.394892
0.388836
0.382725
0.376581
0.370417
0.364236
0.357951
0.351510
0.345005
0.338379
0.331681
0.324829
0.317900
0.310931
0.303846
0.296616
0.289268
0.281816
0.274243
0.266560
0.258763
0.250937
0.242832
0.234700
0.226313
0.217827
0.209074
0.200244
0.191163
0.181951
0.172189
0.162022
0.151433
0.140056
0.128138
0.114248
0.100000
