1.100000
1.097810
1.095507
1.093165
1.090720
1.088174
1.085616
1.082916
1.080196
1.077445
1.074620
1.071725
1.068757
1.065736
1.062657
1.059519
1.056356
1.053081
1.049777
1.046451
1.043107
1.039746
1.036338
1.032915
1.029489
1.025990
1.022462
1.018880
1.015290
1.011682
1.008039
1.004387
1.000731
0.997063
0.993377
0.989667
0.985946
0.982171
0.978372
0.974567
0.970752
0.966924
0.963067
0.959207
0.955309
0.951391
0.947459
0.943514
0.939561
0.935545
0.931509
0.927465
0.923392
0.919291
0.915169
0.911023
0.906861
0.902681
0.898493
0.894280
0.890037
0.885783
0.881492
0.877193
0.872844
0.868490
0.864130
0.859751
0.855360
0.850926
0.846486
0.842028
0.837545
0.833047
0.828531
0.823989
0.819410
0.814817
0.810214
0.805590
0.800931
0.796263
0.791559
0.786844
0.782084
0.777288
0.772369
0.767405
0.762434
0.757445
0.752413
0.747323
0.742219
0.737083
0.731919
0.726730
0.721505
0.716250
0.710968
0.705638
0.700301
0.694922
0.689531
0.684096
0.678654
0.673158
0.667624
0.662066
0.656471
0.650816
0.645061
0.639290
0.633478
0.627590
0.621660
0.615722
0.609758
0.603784
0.597751
0.591707
0.585607
0.579422
0.573187
0.566913
0.560633
0.554262
0.547844
0.541386
0.534865
0.528229
0.521563
0.514856
0.508103
0.501183
0.494178
0.487068
0.479898
0.472727
0.465325
0.457874
0.450242
0.442514
0.434726
0.426775
0.418761
0.410694
0.402500
0.394160
0.385698
0.377115
0.368468
0.359681
0.350721
0.341565
0.332261
0.322824
0.313194
0.303139
0.292787
0.282200
0.271323
0.259930
0.248493
0.236461
0.224198
0.211649
0.198921
0.185306
0.171161
0.155887
0.139781
0.121372
0.100000
