1.100000
1.098404
1.096729
1.094982
1.093204
1.091374
1.089543
1.087688
1.085785
1.083795
1.081795
1.079768
1.077714
1.075558
1.073399
1.071210
1.068981
1.066752
1.064466
1.062155
1.059818
1.057470
1.055110
1.052729
1.050295
1.047800
1.045301
1.042764
1.040212
1.037612
1.035007
1.032384
1.029736
1.027087
1.024397
1.021677
1.018952
1.016224
1.013478
1.010723
1.007967
1.005176
1.002379
0.999565
0.996750
0.993928
0.991095
0.988255
0.985397
0.982534
0.979658
0.976752
0.973846
0.970938
0.968022
0.965102
0.962163
0.959214
0.956253
0.953280
0.950303
0.947323
0.944325
0.941327
0.938322
0.935295
0.932242
0.929177
0.926099
0.923002
0.919895
0.916781
0.913656
0.910513
0.907368
0.904201
0.901030
0.897853
0.894660
0.891452
0.888224
0.884990
0.881747
0.878487
0.875220
0.871941
0.868658
0.865369
0.862064
0.858753
0.855426
0.852093
0.848750
0.845377
0.841981
0.838572
0.835144
0.831708
0.828269
0.824825
0.821361
0.817888
0.814401
0.810904
0.807391
0.803864
0.800319
0.796768
0.793211
0.789638
0.786045
0.782416
0.778780
0.775137
0.771470
0.767783
0.764076
0.760310
0.756543
0.752754
0.748949
0.745139
0.741320
0.737475
0.733625
0.729717
0.725796
0.721874
0.717938
0.713992
0.710040
0.706047
0.702035
0.697996
0.693934
0.689848
0.685718
0.681565
0.677403
0.673212
0.668996
0.664734
0.660454
0.656150
0.651790
0.647422
0.643035
0.638627
0.634201
0.629742
0.625260
0.620774
0.616264
0.611725
0.607182
0.602608
0.598024
0.593422
0.588782
0.584059
0.579308
0.574516
0.569696
0.564834
0.559955
0.555065
0.550152
0.545228
0.540246
0.535247
0.530198
0.525106
0.519966
0.514796
0.509595
0.504371
0.499122
0.493847
0.488530
0.483178
0.477716
0.472213
0.466692
0.461151
0.455574
0.449975
0.444343
0.438674
0.432925
0.427130
0.421190
0.415234
0.409204
0.403150
0.396986
0.390792
0.384587
0.378281
0.371924
0.365439
0.358853
0.352245
0.345553
0.338679
0.331791
0.324674
0.317532
0.310321
0.303068
0.295727
0.288284
0.280756
0.273148
0.265278
0.257328
0.249104
0.240704
0.232303
0.223634
0.214866
0.205686
0.195992
0.186097
0.176048
0.165155
0.154208
0.142459
0.129582
0.115861
0.100000
