1.100000
1.098372
1.096714
1.094829
1.092745
1.090653
1.088425
1.086174
1.083800
1.081422
1.079028
1.076612
1.074184
1.071692
1.069123
1.066535
1.063941
1.061281
1.058582
1.055850
1.053101
1.050333
1.047521
1.044705
1.041862
1.039002
1.036117
1.033211
1.030304
1.027392
1.024464
1.021536
1.018597
1.015622
1.012630
1.009635
1.006588
1.003534
1.000470
0.997396
0.994304
0.991191
0.988003
0.984810
0.981605
0.978389
0.975158
0.971908
0.968650
0.965374
0.962058
0.958725
0.955380
0.952033
0.948673
0.945307
0.941931
0.938529
0.935098
0.931611
0.928121
0.924596
0.921033
0.917455
0.913854
0.910220
0.906582
0.902933
0.899266
0.895594
0.891916
0.888224
0.884507
0.880779
0.877042
0.873294
0.869509
0.865687
0.861843
0.857990
0.854098
0.850182
0.846257
0.842300
0.838328
0.834335
0.830325
0.826282
0.822204
0.818113
0.814018
0.809909
0.805777
0.801626
0.797461
0.793272
0.789055
0.784819
0.780555
0.776243
0.771925
0.767566
0.763187
0.758789
0.754371
0.749933
0.745473
0.740973
0.736455
0.731915
0.727359
0.722755
0.718130
0.713460
0.708724
0.703961
0.699188
0.694361
0.689495
0.684629
0.679745
0.674846
0.669944
0.665030
0.660093
0.655126
0.650120
0.645062
0.639984
0.634875
0.629701
0.624499
0.619271
0.614011
0.608710
0.603371
0.597996
0.592619
0.587223
0.581805
0.576353
0.570771
0.565164
0.559519
0.553818
0.548068
0.542253
0.536396
0.530490
0.524550
0.518556
0.512526
0.506482
0.500385
0.494264
0.488069
0.481845
0.475570
0.469143
0.462648
0.456081
0.449484
0.442807
0.436124
0.429370
0.422581
0.415737
0.408837
0.401812
0.394781
0.387705
0.380607
0.373302
0.365919
0.358517
0.351067
0.343479
0.335795
0.327998
0.320155
0.311992
0.303807
0.295578
0.287108
0.278537
0.269853
0.261034
0.251874
0.242444
0.232902
0.223075
0.212985
0.202459
0.191828
0.180831
0.169465
0.157479
0.145092
0.131505
0.116633
0.100000
