1.100000
1.098498
1.096994
1.095448
1.093829
1.092192
1.090508
1.088753
1.086926
1.085099
1.083168
1.081176
1.079119
1.077036
1.074884
1.072725
1.070514
1.068296
1.066071
1.063845
1.061602
1.059303
1.056990
1.054659
1.052322
1.049980
1.047635
1.045274
1.042912
1.040534
1.038151
1.035754
1.033325
1.030894
1.028443
1.025967
1.023490
1.021007
1.018503
1.015985
1.013456
1.010927
1.008357
1.005781
1.003199
1.000606
0.998008
0.995396
0.992770
0.990129
0.987472
0.984803
0.982128
0.979437
0.976737
0.974006
0.971271
0.968520
0.965751
0.962978
0.960188
0.957390
0.954587
0.951783
0.948969
0.946134
0.943280
0.940415
0.937520
0.934621
0.931719
0.928807
0.925870
0.922920
0.919965
0.917007
0.914028
0.911039
0.908021
0.904997
0.901958
0.898919
0.895876
0.892816
0.889752
0.886677
0.883579
0.880447
0.877303
0.874112
0.870917
0.867689
0.864446
0.861185
0.857919
0.854651
0.851377
0.848094
0.844806
0.841469
0.838128
0.834779
0.831422
0.828049
0.824662
0.821254
0.817837
0.814414
0.810975
0.807524
0.804052
0.800574
0.797079
0.793572
0.790037
0.786501
0.782964
0.779411
0.775839
0.772245
0.768629
0.764998
0.761336
0.757659
0.753971
0.750267
0.746534
0.742795
0.739042
0.735278
0.731469
0.727654
0.723816
0.719971
0.716118
0.712248
0.708366
0.704476
0.700564
0.696623
0.692662
0.688683
0.684693
0.680677
0.676618
0.672551
0.668447
0.664342
0.660233
0.656112
0.651984
0.647824
0.643654
0.639479
0.635257
0.630997
0.626706
0.622392
0.618059
0.613707
0.609311
0.604878
0.600403
0.595896
0.591385
0.586831
0.582263
0.577675
0.573072
0.568447
0.563780
0.559077
0.554349
0.549610
0.544829
0.540036
0.535223
0.530377
0.525508
0.520580
0.515622
0.510642
0.505646
0.500629
0.495556
0.490417
0.485258
0.480053
0.474846
0.469548
0.464189
0.458766
0.453292
0.447723
0.442124
0.436476
0.430783
0.425057
0.419312
0.413548
0.407715
0.401849
0.395905
0.389889
0.383859
0.377736
0.371562
0.365297
0.358968
0.352526
0.346020
0.339443
0.332819
0.326183
0.319291
0.312318
0.305245
0.298069
0.290785
0.283438
0.275944
0.268403
0.260661
0.252704
0.244483
0.236197
0.227755
0.219132
0.210323
0.201294
0.192117
0.182441
0.172592
0.162207
0.151322
0.140249
0.128171
0.115241
0.100000
