1.100000
1.099849
1.099677
1.099495
1.099289
1.099081
1.098873
1.098656
1.098434
1.098205
1.097971
1.097736
1.097496
1.097251
1.096999
1.096737
1.096472
1.096204
1.095934
1.095652
1.095365
1.095076
1.094786
1.094494
1.094202
1.093905
1.093605
1.093301
1.092994
1.092686
1.092371
1.092056
1.091738
1.091419
1.091097
1.090775
1.090450
1.090125
1.089799
1.089470
1.089138
1.088806
1.088465
1.088121
1.087774
1.087425
1.087074
1.086722
1.086369
1.086015
1.085656
1.085295
1.084932
1.084568
1.084202
1.083833
1.083464
1.083094
1.082720
1.082345
1.081967
1.081589
1.081207
1.080824
1.080441
1.080056
1.079670
1.079283
1.078896
1.078509
1.078112
1.077714
1.077315
1.076913
1.076511
1.076109
1.075705
1.075299
1.074890
1.074481
1.074072
1.073661
1.073250
1.072836
1.072421
1.072001
1.071580
1.071159
1.070738
1.070316
1.069892
1.069468
1.069043
1.068615
1.068187
1.067758
1.067329
1.066898
1.066466
1.066034
1.065603
1.065170
1.064737
1.064301
1.063866
1.063431
1.062995
1.062559
1.062120
1.061681
1.061242
1.060800
1.060358
1.059915
1.059473
1.059029
1.058584
1.058138
1.057691
1.057244
1.056795
1.056346
1.055894
1.055441
1.054986
1.054532
1.054076
1.053621
1.053163
1.052705
1.052247
1.051785
1.051322
1.050859
1.050395
1.049931
1.049465
1.048996
1.048526
1.048056
1.047585
1.047113
1.046641
1.046169
1.045697
1.045224
1.044752
1.044278
1.043805
1.043330
1.042854
1.042376
1.041898
1.041418
1.040936
1.040453
1.039968
1.039483
1.038998
1.038512
1.038026
1.037538
1.037051
1.036562
1.036072
1.035582
1.035091
1.034599
1.034106
1.033612
1.033116
1.032620
1.032123
1.031625
1.031126
1.030627
1.030128
1.029627
1.029126
1.028625
1.028123
1.027621
1.027117
1.026613
1.026108
1.025602
1.025097
1.024590
1.024082
1.023574
1.023065
1.022557
1.022047
1.021537
1.021026
1.020514
1.020002
1.019488
1.018975
1.018461
1.017946
1.017429
1.016912
1.016395
1.015877
1.015358
1.014838
1.014318
1.013798
1.013278
1.012757
1.012236
1.011715
1.011193
1.010670
1.010148
1.009623
1.009098
1.008573
1.008047
1.007521
1.006994
1.006466
1.005939
1.005411
1.004883
1.004354
1.003825
1.003296
1.002765
1.002233
1.001701
1.001168
1.000634
1.000099
0.999562
0.999026
0.998490
0.997953
0.997416
0.996877
0.996339
0.995800
0.995260
0.994720
0.994179
0.993638
0.993094
0.992550
0.992005
0.991458
0.990911
0.990363
0.989814
0.989265
0.988715
0.988164
0.987613
0.987061
0.986509
0.985955
0.985401
0.984846
0.984291
0.983736
0.983180
0.982624
0.982068
0.981511
0.980953
0.980395
0.979837
0.979278
0.978719
0.978160
0.977600
0.977039
0.976477
0.975915
0.975350
0.974786
0.974221
0.973656
0.973090
0.972524
0.971957
0.971390
0.970823
0.970255
0.969686
0.969117
0.968548
0.967978
0.967408
0.966837
0.966265
0.965693
0.965121
0.964547
0.963972
0.963396
0.962820
0.962242
0.961664
0.961085
0.960505
0.959925
0.959344
0.958763
0.958182
0.957599
0.957016
0.956433
0.955849
0.955264
0.954679
0.954093
0.953506
0.952919
0.952331
0.951742
0.951152
0.950562
0.949972
0.949380
0.948789
0.948197
0.947604
0.947010
0.946416
0.945821
0.945226
0.944631
0.944035
0.943439
0.942842
0.942244
0.941645
0.941046
0.940446
0.939847
0.939247
0.938646
0.938045
0.937444
0.936842
0.936240
0.935638
0.935036
0.934432
0.933829
0.933225
0.932621
0.932016
0.931411
0.930805
0.930199
0.929593
0.928986
0.928378
0.927771
0.927163
0.926555
0.925947
0.925338
0.924729
0.924120
0.923511
0.922902
0.922291
0.921681
0.921069
0.920457
0.919843
0.919229
0.918614
0.917999
0.917384
0.916769
0.916153
0.915536
0.914919
0.914301
0.913683
0.913064
0.912445
0.911825
0.911205
0.910585
0.909965
0.909343
0.908721
0.908098
0.907474
0.906850
0.906225
0.905600
0.904974
0.904346
0.903717
0.903089
0.902459
0.901829
0.901198
0.900568
0.899937
0.899306
0.898675
0.898042
0.897409
0.896776
0.896142
0.895508
0.894873
0.894238
0.893602
0.892966
0.892329
0.891692
0.891054
0.890416
0.889777
0.889138
0.888497
0.887856
0.887214
0.886571
0.885927
0.885283
0.884638
0.883993
0.883347
0.882701
0.882055
0.881407
0.880760
0.880112
0.879464
0.878815
0.878165
0.877515
0.876865
0.876214
0.875563
0.874911
0.874260
0.873607
0.872955
0.872302
0.871649
0.870995
0.870340
0.869686
0.869031
0.868375
0.867719
0.867062
0.866405
0.865747
0.865088
0.864429
0.863769
0.863108
0.862447
0.861786
0.861123
0.860460
0.859797
0.859132
0.858467
0.857802
0.857135
0.856468
0.855800
0.855131
0.854462
0.853793
0.853123
0.852453
0.851782
0.851111
0.850440
0.849768
0.849096
0.848423
0.847750
0.847076
0.846401
0.845724
0.845048
0.844370
0.843692
0.843012
0.842333
0.841653
0.840972
0.840291
0.839609
0.838926
0.838242
0.837558
0.836874
0.836189
0.835504
0.834819
0.834133
0.833446
0.832758
0.832070
0.831381
0.830693
0.830004
0.829314
0.828623
0.827932
0.827239
0.826547
0.825853
0.825159
0.824464
0.823769
0.823074
0.822377
0.821680
0.820982
0.820284
0.819585
0.818885
0.818185
0.817485
0.816784
0.816082
0.815380
0.814678
0.813974
0.813270
0.812566
0.811861
0.811155
0.810447
0.809739
0.809029
0.808319
0.807609
0.806897
0.806184
0.805471
0.804758
0.804045
0.803331
0.802616
0.801902
0.801187
0.800471
0.799755
0.799037
0.798320
0.797601
0.796882
0.796163
0.795443
0.794723
0.794002
0.793281
0.792559
0.791836
0.791113
0.790390
0.789667
0.788943
0.788218
0.787493
0.786768
0.786041
0.785313
0.784586
0.783857
0.783128
0.782398
0.781668
0.780937
0.780206
0.779473
0.778740
0.778007
0.777273
0.776538
0.775803
0.775067
0.774330
0.773593
0.772855
0.772117
0.771378
0.770639
0.769898
0.769156
0.768415
0.767673
0.766930
0.766188
0.765444
0.764699
0.763955
0.763210
0.762465
0.761719
0.760972
0.760225
0.759477
0.758729
0.757980
0.757232
0.756482
0.755732
0.754982
0.754230
0.753477
0.752725
0.751971
0.751216
0.750460
0.749705
0.748948
0.748191
0.747431
0.746671
0.745909
0.745147
0.744386
0.743622
0.742859
0.742095
0.741331
0.740565
0.739800
0.739033
0.738266
0.737498
0.736730
0.735961
0.735191
0.734421
0.733649
0.732878
0.732105
0.731332
0.730558
0.729785
0.729011
0.728236
0.727460
0.726684
0.725907
0.725130
0.724352
0.723573
0.722795
0.722015
0.721234
0.720453
0.719671
0.718888
0.718104
0.717316
0.716528
0.715740
0.714951
0.714162
0.713372
0.712580
0.711786
0.710991
0.710196
0.709400
0.708603
0.707807
0.707009
0.706210
0.705411
0.704611
0.703811
0.703010
0.702208
0.701403
0.700598
0.699792
0.698986
0.698179
0.697371
0.696563
0.695755
0.694945
0.694135
0.693324
0.692513
0.691699
0.690886
0.690072
0.689257
0.688441
0.687626
0.686809
0.685992
0.685174
0.684356
0.683535
0.682714
0.681893
0.681071
0.680248
0.679423
0.678597
0.677770
0.676943
0.676116
0.675287
0.674458
0.673628
0.672797
0.671966
0.671134
0.670300
0.669467
0.668632
0.667796
0.666960
0.666124
0.665287
0.664450
0.663612
0.662772
0.661933
0.661092
0.660251
0.659409
0.658566
0.657721
0.656875
0.656027
0.655179
0.654330
0.653480
0.652630
0.651778
0.650925
0.650071
0.649215
0.648359
0.647503
0.646645
0.645787
0.644928
0.644068
0.643207
0.642346
0.641484
0.640621
0.639756
0.638888
0.638020
0.637150
0.636280
0.635409
0.634536
0.633663
0.632790
0.631915
0.631038
0.630161
0.629283
0.628402
0.627521
0.626638
0.625753
0.624869
0.623984
0.623099
0.622213
0.621325
0.620437
0.619549
0.618660
0.617769
0.616878
0.615986
0.615092
0.614197
0.613301
0.612404
0.611506
0.610607
0.609708
0.608807
0.607905
0.607000
0.606096
0.605191
0.604286
0.603379
0.602470
0.601560
0.600649
0.599738
0.598826
0.597913
0.596998
0.596083
0.595166
0.594246
0.593325
0.592404
0.591482
0.590558
0.589631
0.588704
0.587774
0.586843
0.585911
0.584976
0.584040
0.583103
0.582164
0.581225
0.580284
0.579343
0.578400
0.577456
0.576511
0.575564
0.574615
0.573665
0.572715
0.571761
0.570807
0.569851
0.568895
0.567937
0.566978
0.566019
0.565059
0.564098
0.563137
0.562174
0.561209
0.560244
0.559277
0.558311
0.557343
0.556374
0.555403
0.554431
0.553456
0.552481
0.551505
0.550527
0.549548
0.548570
0.547589
0.546609
0.545626
0.544641
0.543655
0.542666
0.541676
0.540682
0.539687
0.538692
0.537696
0.536698
0.535699
0.534700
0.533700
0.532698
0.531695
0.530689
0.529682
0.528675
0.527666
0.526654
0.525641
0.524626
0.523610
0.522593
0.521574
0.520554
0.519532
0.518510
0.517485
0.516458
0.515429
0.514399
0.513369
0.512338
0.511306
0.510268
0.509230
0.508190
0.507150
0.506109
0.505067
0.504024
0.502980
0.501935
0.500888
0.499840
0.498790
0.497738
0.496685
0.495628
0.494571
0.493510
0.492444
0.491378
0.490311
0.489243
0.488175
0.487104
0.486031
0.484956
0.483878
0.482799
0.481719
0.480635
0.479552
0.478468
0.477382
0.476294
0.475206
0.474116
0.473024
0.471931
0.470835
0.469737
0.468635
0.467533
0.466429
0.465322
0.464213
0.463103
0.461991
0.460873
0.459755
0.458635
0.457514
0.456394
0.455272
0.454148
0.453022
0.451892
0.450759
0.449626
0.448485
0.447342
0.446198
0.445054
0.443907
0.442759
0.441610
0.440454
0.439297
0.438137
0.436972
0.435808
0.434641
0.433469
0.432292
0.431115
0.429936
0.428757
0.427578
0.426397
0.425211
0.424024
0.422833
0.421641
0.420448
0.419251
0.418051
0.416848
0.415643
0.414437
0.413226
0.412011
0.410792
0.409570
0.408345
0.407117
0.405888
0.404657
0.403423
0.402185
0.400947
0.399704
0.398458
0.397211
0.395964
0.394711
0.393458
0.392204
0.390940
0.389674
0.388400
0.387124
0.385845
0.384561
0.383273
0.381983
0.380692
0.379396
0.378097
0.376792
0.375486
0.374180
0.372868
0.371552
0.370231
0.368907
0.367579
0.366245
0.364911
0.363569
0.362226
0.360882
0.359532
0.358177
0.356818
0.355452
0.354087
0.352709
0.351331
0.349949
0.348564
0.347177
0.345786
0.344395
0.342998
0.341597
0.340195
0.338790
0.337381
0.335965
0.334548
0.333125
0.331701
0.330276
0.328846
0.327412
0.325970
0.324524
0.323075
0.321623
0.320164
0.318698
0.317231
0.315753
0.314274
0.312791
0.311303
0.309806
0.308304
0.306803
0.305296
0.303774
0.302240
0.300707
0.299170
0.297628
0.296082
0.294531
0.292980
0.291418
0.289849
0.288272
0.286690
0.285105
0.283517
0.281919
0.280313
0.278696
0.277077
0.275452
0.273809
0.272156
0.270501
0.268842
0.267179
0.265509
0.263837
0.262155
0.260473
0.258786
0.257086
0.255371
0.253654
0.251927
0.250193
0.248451
0.246691
0.244915
0.243128
0.241329
0.239529
0.237713
0.235894
0.234073
0.232240
0.230406
0.228556
0.226701
0.224825
0.222927
0.221022
0.219111
0.217193
0.215259
0.213319
0.211358
0.209388
0.207401
0.205403
0.203385
0.201365
0.199318
0.197257
0.195191
0.193092
0.190992
0.188867
0.186700
0.184531
0.182351
0.180156
0.177943
0.175703
0.173431
0.171139
0.168797
0.166451
0.164094
0.161687
0.159228
0.156735
0.154226
0.151674
0.149071
0.146421
0.143760
0.141067
0.138245
0.135388
0.132523
0.129534
0.126379
0.123181
0.119896
0.116534
0.112909
0.108921
0.104824
0.100000
