1.100000
1.098152
1.096262
1.094316
1.092282
1.090179
1.088035
1.085855
1.083648
1.081389
1.079113
1.076833
1.074519
1.072139
1.069747
1.067245
1.064740
1.062207
1.059640
1.057049
1.054393
1.051728
1.049047
1.046343
1.043629
1.040896
1.038148
1.035376
1.032601
1.029814
1.027023
1.024185
1.021318
1.018445
1.015547
1.012634
1.009688
1.006717
1.003725
1.000728
0.997720
0.994688
0.991644
0.988587
0.985517
0.982430
0.979339
0.976241
0.973091
0.969927
0.966761
0.963584
0.960346
0.957076
0.953788
0.950464
0.947109
0.943716
0.940307
0.936884
0.933458
0.930019
0.926572
0.923117
0.919642
0.916144
0.912633
0.909087
0.905529
0.901950
0.898363
0.894766
0.891154
0.887540
0.883921
0.880298
0.876660
0.873008
0.869335
0.865628
0.861910
0.858182
0.854436
0.850677
0.846911
0.843127
0.839336
0.835541
0.831734
0.827896
0.824050
0.820176
0.816280
0.812380
0.808465
0.804516
0.800520
0.796504
0.792474
0.788432
0.784365
0.780288
0.776191
0.772081
0.767967
0.763806
0.759636
0.755444
0.751222
0.746998
0.742767
0.738500
0.734221
0.729942
0.725640
0.721334
0.717028
0.712665
0.708291
0.703899
0.699488
0.695044
0.690598
0.686127
0.681620
0.677109
0.672597
0.668052
0.663483
0.658892
0.654285
0.649648
0.644993
0.640305
0.635599
0.630882
0.626119
0.621330
0.616533
0.611701
0.606839
0.601965
0.597057
0.592142
0.587180
0.582203
0.577165
0.572086
0.566999
0.561902
0.556763
0.551547
0.546325
0.541056
0.535782
0.530460
0.525102
0.519735
0.514344
0.508898
0.503366
0.497804
0.492212
0.486590
0.480905
0.475194
0.469464
0.463686
0.457886
0.451996
0.446100
0.440150
0.434184
0.428156
0.422043
0.415893
0.409668
0.403415
0.397089
0.390758
0.384281
0.377729
0.371146
0.364534
0.357849
0.351042
0.344193
0.337242
0.330197
0.323102
0.315972
0.308720
0.301351
0.293825
0.286287
0.278588
0.270809
0.262982
0.254734
0.246301
0.237866
0.229298
0.220597
0.211622
0.202446
0.193113
0.183501
0.173587
0.163008
0.152018
0.140631
0.128193
0.114519
0.100000
