1.100000
1.098516
1.096962
1.095328
1.093606
1.091852
1.090057
1.088147
1.086178
1.084203
1.082222
1.080172
1.078085
1.075997
1.073849
1.071687
1.069517
1.067310
1.065096
1.062841
1.060577
1.058303
1.056019
1.053689
1.051337
1.048966
1.046593
1.044194
1.041792
1.039366
1.036916
1.034432
1.031938
1.029439
1.026911
1.024376
1.021821
1.019245
1.016650
1.014038
1.011421
1.008794
1.006156
1.003507
1.000856
0.998191
0.995524
0.992839
0.990133
0.987413
0.984681
0.981935
0.979188
0.976421
0.973649
0.970855
0.968057
0.965258
0.962450
0.959640
0.956812
0.953952
0.951076
0.948189
0.945301
0.942409
0.939493
0.936562
0.933621
0.930679
0.927723
0.924766
0.921806
0.918833
0.915839
0.912837
0.909831
0.906810
0.903785
0.900734
0.897670
0.894590
0.891508
0.888417
0.885306
0.882192
0.879068
0.875935
0.872788
0.869623
0.866452
0.863259
0.860059
0.856856
0.853641
0.850405
0.847144
0.843877
0.840602
0.837310
0.834014
0.830696
0.827359
0.824019
0.820676
0.817329
0.813970
0.810592
0.807210
0.803802
0.800388
0.796966
0.793524
0.790073
0.786616
0.783151
0.779675
0.776186
0.772688
0.769186
0.765661
0.762131
0.758589
0.755038
0.751479
0.747871
0.744261
0.740642
0.737002
0.733356
0.729704
0.726032
0.722354
0.718665
0.714960
0.711228
0.707467
0.703693
0.699919
0.696142
0.692357
0.688568
0.684770
0.680945
0.677086
0.673225
0.669345
0.665458
0.661548
0.657632
0.653704
0.649758
0.645792
0.641825
0.637829
0.633832
0.629791
0.625729
0.621644
0.617548
0.613431
0.609293
0.605140
0.600975
0.596794
0.592588
0.588370
0.584142
0.579889
0.575634
0.571344
0.567049
0.562725
0.558380
0.554030
0.549666
0.545241
0.540803
0.536362
0.531888
0.527371
0.522834
0.518282
0.513720
0.509126
0.504456
0.499777
0.495081
0.490332
0.485573
0.480812
0.476027
0.471233
0.466437
0.461601
0.456742
0.451873
0.446980
0.442036
0.437082
0.432118
0.427118
0.422097
0.417046
0.411934
0.406785
0.401572
0.396352
0.391095
0.385780
0.380437
0.375048
0.369599
0.364109
0.358576
0.352983
0.347333
0.341667
0.335923
0.330123
0.324296
0.318441
0.312515
0.306461
0.300361
0.294243
0.288108
0.281865
0.275599
0.269288
0.262873
0.256306
0.249720
0.243048
0.236270
0.229393
0.222472
0.215397
0.208071
0.200670
0.193105
0.185430
0.177554
0.169503
0.161005
0.151975
0.142836
0.133185
0.123210
0.112723
0.100000
