1.100000
1.098466
1.096703
1.094831
1.092949
1.091045
1.089130
1.087205
1.085241
1.083276
1.081271
1.079223
1.077142
1.075055
1.072951
1.070810
1.068656
1.066492
1.064304
1.062109
1.059891
1.057656
1.055397
1.053110
1.050812
1.048508
1.046179
1.043846
1.041507
1.039163
1.036802
1.034429
1.032028
1.029600
1.027153
1.024701
1.022226
1.019740
1.017250
1.014754
1.012254
1.009746
1.007237
1.004710
1.002170
0.999614
0.997059
0.994488
0.991913
0.989320
0.986701
0.984077
0.981450
0.978818
0.976180
0.973537
0.970882
0.968205
0.965516
0.962819
0.960120
0.957420
0.954701
0.951967
0.949210
0.946442
0.943666
0.940882
0.938094
0.935299
0.932488
0.929670
0.926849
0.924027
0.921198
0.918339
0.915477
0.912613
0.909728
0.906832
0.903935
0.901031
0.898097
0.895160
0.892199
0.889225
0.886242
0.883258
0.880264
0.877269
0.874270
0.871257
0.868225
0.865165
0.862089
0.859004
0.855912
0.852817
0.849712
0.846588
0.843448
0.840307
0.837156
0.833985
0.830795
0.827589
0.824381
0.821162
0.817927
0.814692
0.811415
0.808102
0.804773
0.801428
0.798083
0.794730
0.791373
0.788000
0.784594
0.781179
0.777759
0.774327
0.770872
0.767414
0.763945
0.760471
0.756994
0.753489
0.749976
0.746459
0.742922
0.739363
0.735796
0.732203
0.728608
0.724989
0.721364
0.717718
0.714062
0.710396
0.706720
0.703041
0.699344
0.695639
0.691918
0.688178
0.684432
0.680670
0.676898
0.673109
0.669306
0.665488
0.661653
0.657804
0.653928
0.650029
0.646126
0.642213
0.638292
0.634338
0.630369
0.626362
0.622338
0.618311
0.614279
0.610231
0.606149
0.602049
0.597941
0.593803
0.589652
0.585492
0.581317
0.577098
0.572854
0.568590
0.564322
0.560030
0.555723
0.551388
0.547030
0.542662
0.538268
0.533867
0.529458
0.525028
0.520573
0.516078
0.511536
0.506991
0.502418
0.497814
0.493169
0.488485
0.483792
0.479058
0.474319
0.469555
0.464743
0.459926
0.455056
0.450134
0.445187
0.440234
0.435256
0.430255
0.425192
0.420107
0.414992
0.409797
0.404560
0.399322
0.394041
0.388687
0.383319
0.377921
0.372488
0.366996
0.361430
0.355797
0.350140
0.344406
0.338646
0.332881
0.327090
0.321241
0.315348
0.309445
0.303477
0.297361
0.291227
0.285010
0.278698
0.272218
0.265702
0.259140
0.252476
0.245774
0.238925
0.231952
0.224932
0.217687
0.210374
0.202739
0.194922
0.187027
0.178908
0.170380
0.161581
0.152653
0.143386
0.133778
0.123980
0.112601
0.100000
