1.100000
1.098430
1.096824
1.095159
1.093369
1.091546
1.089695
1.087772
1.085814
1.083803
1.081773
1.079736
1.077692
1.075614
1.073462
1.071297
1.069067
1.066821
1.064569
1.062312
1.060021
1.057712
1.055393
1.053069
1.050706
1.048322
1.045901
1.043473
1.041038
1.038594
1.036103
1.033603
1.031095
1.028584
1.026040
1.023492
1.020938
1.018318
1.015690
1.013014
1.010308
1.007582
1.004853
1.002111
0.999352
0.996587
0.993794
0.990993
0.988168
0.985323
0.982465
0.979606
0.976730
0.973844
0.970928
0.968006
0.965072
0.962131
0.959187
0.956232
0.953258
0.950264
0.947215
0.944144
0.941071
0.937994
0.934884
0.931765
0.928633
0.925498
0.922350
0.919191
0.916024
0.912852
0.909649
0.906438
0.903221
0.899987
0.896739
0.893474
0.890175
0.886866
0.883551
0.880233
0.876893
0.873550
0.870199
0.866832
0.863460
0.860068
0.856643
0.853199
0.849750
0.846267
0.842769
0.839251
0.835716
0.832178
0.828629
0.825074
0.821510
0.817938
0.814345
0.810750
0.807113
0.803464
0.799805
0.796144
0.792476
0.788786
0.785082
0.781356
0.777616
0.773866
0.770084
0.766288
0.762463
0.758617
0.754769
0.750899
0.747018
0.743112
0.739151
0.735170
0.731150
0.727129
0.723091
0.719035
0.714974
0.710903
0.706823
0.702711
0.698560
0.694390
0.690202
0.685999
0.681787
0.677561
0.673312
0.669050
0.664777
0.660484
0.656147
0.651803
0.647411
0.643009
0.638575
0.634132
0.629685
0.625176
0.620661
0.616107
0.611535
0.606945
0.602337
0.597725
0.593091
0.588405
0.583684
0.578901
0.574111
0.569261
0.564380
0.559449
0.554479
0.549477
0.544452
0.539392
0.534327
0.529228
0.524100
0.518958
0.513720
0.508458
0.503178
0.497875
0.492548
0.487200
0.481710
0.476201
0.470634
0.464993
0.459284
0.453563
0.447771
0.441842
0.435883
0.429897
0.423875
0.417829
0.411725
0.405560
0.399297
0.392990
0.386636
0.380197
0.373708
0.367134
0.360500
0.353863
0.347099
0.340320
0.333437
0.326488
0.319322
0.312117
0.304841
0.297507
0.289996
0.282401
0.274528
0.266584
0.258537
0.250311
0.242048
0.233299
0.224443
0.215543
0.206543
0.197101
0.187531
0.176801
0.165995
0.154863
0.142647
0.130033
0.115611
0.100000
