1.100000
1.098867
1.097640
1.096364
1.095060
1.093704
1.092339
1.090962
1.089577
1.088122
1.086657
1.085172
1.083650
1.082082
1.080496
1.078910
1.077301
1.075672
1.074002
1.072325
1.070636
1.068947
1.067258
1.065563
1.063859
1.062135
1.060390
1.058638
1.056875
1.055107
1.053327
1.051525
1.049719
1.047903
1.046087
1.044267
1.042434
1.040597
1.038741
1.036879
1.035016
1.033145
1.031259
1.029365
1.027468
1.025571
1.023671
1.021769
1.019860
1.017945
1.016024
1.014087
1.012137
1.010163
1.008186
1.006199
1.004210
1.002221
1.000221
0.998216
0.996208
0.994199
0.992173
0.990143
0.988097
0.986042
0.983976
0.981898
0.979814
0.977727
0.975634
0.973537
0.971437
0.969319
0.967201
0.965075
0.962938
0.960797
0.958655
0.956500
0.954341
0.952176
0.950002
0.947823
0.945639
0.943451
0.941256
0.939058
0.936857
0.934650
0.932442
0.930221
0.927996
0.925750
0.923500
0.921244
0.918983
0.916711
0.914418
0.912123
0.909822
0.907515
0.905204
0.902893
0.900573
0.898245
0.895914
0.893578
0.891237
0.888891
0.886535
0.884175
0.881801
0.879409
0.877009
0.874606
0.872202
0.869794
0.867375
0.864951
0.862514
0.860077
0.857626
0.855170
0.852701
0.850219
0.847734
0.845245
0.842749
0.840246
0.837742
0.835226
0.832709
0.830177
0.827625
0.825070
0.822511
0.819947
0.817381
0.814803
0.812217
0.809629
0.807024
0.804412
0.801799
0.799184
0.796561
0.793937
0.791301
0.788665
0.786015
0.783359
0.780690
0.778014
0.775310
0.772602
0.769891
0.767143
0.764395
0.761643
0.758887
0.756119
0.753344
0.750562
0.747776
0.744984
0.742190
0.739391
0.736568
0.733741
0.730905
0.728062
0.725203
0.722339
0.719467
0.716576
0.713681
0.710768
0.707845
0.704916
0.701971
0.699017
0.696056
0.693092
0.690122
0.687145
0.684154
0.681156
0.678155
0.675149
0.672140
0.669110
0.666071
0.663020
0.659964
0.656892
0.653809
0.650719
0.647625
0.644523
0.641404
0.638272
0.635137
0.631998
0.628841
0.625667
0.622486
0.619298
0.616092
0.612879
0.609661
0.606412
0.603150
0.599872
0.596591
0.593292
0.589981
0.586668
0.583321
0.579973
0.576621
0.573263
0.569875
0.566473
0.563056
0.559638
0.556207
0.552770
0.549320
0.545856
0.542372
0.538872
0.535361
0.531813
0.528260
0.524692
0.521123
0.517546
0.513964
0.510373
0.506752
0.503126
0.499448
0.495755
0.492060
0.488359
0.484635
0.480894
0.477118
0.473305
0.469474
0.465630
0.461762
0.457871
0.453938
0.449997
0.446053
0.442090
0.438123
0.434135
0.430091
0.426030
0.421955
0.417846
0.413696
0.409524
0.405336
0.401126
0.396900
0.392657
0.388348
0.384006
0.379624
0.375185
0.370699
0.366211
0.361666
0.357117
0.352502
0.347864
0.343222
0.338561
0.333844
0.329071
0.324294
0.319491
0.314599
0.309673
0.304729
0.299750
0.294720
0.289661
0.284564
0.279394
0.274210
0.268971
0.263671
0.258326
0.252903
0.247459
0.241874
0.236221
0.230528
0.224771
0.218868
0.212874
0.206776
0.200660
0.194448
0.188114
0.181653
0.174938
0.168002
0.160813
0.153528
0.145957
0.137874
0.129356
0.120234
0.110651
0.100000
