1.100000
1.098589
1.097088
1.095571
1.094049
1.092449
1.090809
1.089154
1.087494
1.085802
1.084109
1.082407
1.080591
1.078765
1.076922
1.074968
1.072995
1.070999
1.068968
1.066917
1.064861
1.062804
1.060718
1.058627
1.056521
1.054405
1.052271
1.050134
1.047963
1.045766
1.043545
1.041309
1.039072
1.036834
1.034596
1.032339
1.030063
1.027776
1.025487
1.023198
1.020866
1.018522
1.016165
1.013806
1.011416
1.009020
1.006612
1.004198
1.001775
0.999346
0.996908
0.994465
0.991996
0.989526
0.987055
0.984583
0.982104
0.979601
0.977097
0.974584
0.972062
0.969523
0.966977
0.964400
0.961809
0.959209
0.956596
0.953969
0.951338
0.948703
0.946054
0.943403
0.940733
0.938059
0.935383
0.932698
0.930004
0.927292
0.924575
0.921855
0.919121
0.916384
0.913646
0.910894
0.908131
0.905354
0.902571
0.899759
0.896939
0.894117
0.891283
0.888441
0.885576
0.882707
0.879830
0.876946
0.874060
0.871169
0.868249
0.865310
0.862357
0.859404
0.856448
0.853491
0.850515
0.847524
0.844526
0.841516
0.838492
0.835465
0.832426
0.829380
0.826327
0.823267
0.820190
0.817112
0.814023
0.810922
0.807814
0.804700
0.801578
0.798442
0.795291
0.792135
0.788972
0.785776
0.782570
0.779357
0.776144
0.772922
0.769691
0.766452
0.763208
0.759940
0.756669
0.753390
0.750093
0.746783
0.743461
0.740133
0.736788
0.733436
0.730080
0.726709
0.723336
0.719952
0.716556
0.713153
0.709736
0.706314
0.702882
0.699445
0.695998
0.692549
0.689071
0.685588
0.682088
0.678578
0.675058
0.671513
0.667962
0.664400
0.660834
0.657238
0.653632
0.650022
0.646394
0.642743
0.639081
0.635414
0.631740
0.628045
0.624334
0.620603
0.616870
0.613119
0.609355
0.605576
0.601785
0.597985
0.594172
0.590336
0.586484
0.582629
0.578759
0.574860
0.570942
0.567010
0.563078
0.559140
0.555160
0.551164
0.547157
0.543143
0.539111
0.535053
0.530980
0.526872
0.522759
0.518622
0.514462
0.510282
0.506048
0.501804
0.497543
0.493276
0.489004
0.484715
0.480399
0.476074
0.471732
0.467343
0.462933
0.458499
0.454045
0.449556
0.445065
0.440510
0.435941
0.431355
0.426737
0.422068
0.417382
0.412632
0.407879
0.403103
0.398324
0.393521
0.388703
0.383840
0.378876
0.373906
0.368880
0.363824
0.358734
0.353596
0.348446
0.343235
0.337963
0.332681
0.327378
0.322064
0.316732
0.311370
0.305909
0.300401
0.294803
0.289159
0.283494
0.277769
0.271926
0.266078
0.260141
0.254141
0.248009
0.241846
0.235623
0.229389
0.222934
0.216380
0.209608
0.202627
0.195532
0.188423
0.180975
0.173438
0.165679
0.157767
0.149401
0.140963
0.131410
0.121502
0.110843
0.100000
