1.100000
1.099736
1.099462
1.099185
1.098903
1.098620
1.098335
1.098045
1.097755
1.097461
1.097153
1.096843
1.096529
1.096211
1.095893
1.095572
1.095252
1.094929
1.094600
1.094266
1.093932
1.093593
1.093251
1.092904
1.092557
1.092208
1.091850
1.091493
1.091134
1.090773
1.090408
1.090042
1.089676
1.089310
1.088942
1.088568
1.088191
1.087811
1.087431
1.087042
1.086651
1.086260
1.085864
1.085465
1.085066
1.084667
1.084267
1.083865
1.083463
1.083058
1.082652
1.082243
1.081832
1.081421
1.081007
1.080594
1.080175
1.079756
1.079336
1.078914
1.078490
1.078065
1.077640
1.077213
1.076785
1.076355
1.075924
1.075491
1.075057
1.074621
1.074183
1.073744
1.073304
1.072862
1.072419
1.071973
1.071526
1.071077
1.070627
1.070174
1.069717
1.069260
1.068801
1.068341
1.067878
1.067414
1.066947
1.066478
1.066008
1.065538
1.065067
1.064594
1.064121
1.063646
1.063171
1.062695
1.062217
1.061740
1.061260
1.060779
1.060291
1.059802
1.059311
1.058821
1.058328
1.057834
1.057338
1.056841
1.056343
1.055844
1.055345
1.054844
1.054342
1.053840
1.053337
1.052833
1.052328
1.051819
1.051309
1.050795
1.050282
1.049766
1.049247
1.048727
1.048205
1.047683
1.047160
1.046636
1.046109
1.045581
1.045053
1.044525
1.043995
1.043465
1.042934
1.042401
1.041868
1.041334
1.040798
1.040261
1.039724
1.039187
1.038649
1.038111
1.037573
1.037033
1.036492
1.035950
1.035407
1.034864
1.034319
1.033774
1.033227
1.032679
1.032131
1.031581
1.031031
1.030481
1.029931
1.029380
1.028828
1.028276
1.027724
1.027171
1.026617
1.026062
1.025506
1.024950
1.024393
1.023833
1.023272
1.022710
1.022147
1.021583
1.021018
1.020452
1.019885
1.019317
1.018749
1.018180
1.017611
1.017042
1.016471
1.015901
1.015330
1.014758
1.014186
1.013613
1.013040
1.012467
1.011893
1.011319
1.010744
1.010169
1.009595
1.009020
1.008445
1.007869
1.007294
1.006718
1.006141
1.005563
1.004984
1.004405
1.003824
1.003243
1.002662
1.002080
1.001496
1.000911
1.000324
0.999737
0.999150
0.998562
0.997971
0.997380
0.996788
0.996196
0.995604
0.995009
0.994413
0.993818
0.993221
0.992624
0.992027
0.991429
0.990831
0.990231
0.989631
0.989029
0.988428
0.987826
0.987224
0.986621
0.986018
0.985412
0.984806
0.984200
0.983594
0.982988
0.982380
0.981771
0.981162
0.980553
0.979944
0.979335
0.978724
0.978112
0.977499
0.976885
0.976272
0.975658
0.975043
0.974428
0.973811
0.973194
0.972576
0.971957
0.971338
0.970717
0.970097
0.969476
0.968853
0.968230
0.967606
0.966981
0.966356
0.965730
0.965105
0.964476
0.963847
0.963217
0.962585
0.961953
0.961319
0.960685
0.960051
0.959416
0.958781
0.958145
0.957509
0.956873
0.956236
0.955599
0.954961
0.954322
0.953682
0.953043
0.952402
0.951761
0.951120
0.950478
0.949836
0.949193
0.948549
0.947904
0.947258
0.946612
0.945964
0.945316
0.944667
0.944019
0.943369
0.942718
0.942067
0.941416
0.940764
0.940111
0.939458
0.938803
0.938147
0.937490
0.936832
0.936173
0.935514
0.934853
0.934191
0.933529
0.932866
0.932203
0.931540
0.930876
0.930213
0.929549
0.928885
0.928219
0.927553
0.926886
0.926218
0.925550
0.924882
0.924212
0.923542
0.922872
0.922201
0.921530
0.920858
0.920186
0.919513
0.918840
0.918165
0.917491
0.916815
0.916139
0.915462
0.914786
0.914108
0.913431
0.912753
0.912074
0.911395
0.910716
0.910035
0.909354
0.908672
0.907989
0.907307
0.906623
0.905939
0.905255
0.904570
0.903884
0.903197
0.902510
0.901823
0.901134
0.900444
0.899754
0.899063
0.898371
0.897679
0.896987
0.896294
0.895600
0.894907
0.894213
0.893519
0.892824
0.892128
0.891433
0.890737
0.890040
0.889343
0.888646
0.887948
0.887248
0.886548
0.885848
0.885147
0.884446
0.883744
0.883042
0.882339
0.881636
0.880931
0.880226
0.879521
0.878815
0.878109
0.877401
0.876693
0.875984
0.875274
0.874564
0.873853
0.873142
0.872430
0.871719
0.871006
0.870293
0.869577
0.868861
0.868145
0.867428
0.866711
0.865993
0.865275
0.864557
0.863838
0.863119
0.862398
0.861677
0.860955
0.860232
0.859508
0.858784
0.858059
0.857334
0.856608
0.855881
0.855154
0.854426
0.853698
0.852970
0.852241
0.851512
0.850782
0.850052
0.849322
0.848590
0.847857
0.847124
0.846391
0.845657
0.844921
0.844186
0.843449
0.842712
0.841975
0.841236
0.840497
0.839757
0.839016
0.838275
0.837534
0.836791
0.836048
0.835304
0.834560
0.833815
0.833071
0.832323
0.831576
0.830827
0.830079
0.829329
0.828580
0.827830
0.827080
0.826329
0.825578
0.824827
0.824074
0.823321
0.822567
0.821813
0.821058
0.820302
0.819546
0.818789
0.818032
0.817274
0.816516
0.815757
0.814998
0.814237
0.813476
0.812714
0.811952
0.811190
0.810428
0.809664
0.808900
0.808135
0.807370
0.806604
0.805837
0.805070
0.804303
0.803535
0.802767
0.801998
0.801228
0.800458
0.799686
0.798913
0.798141
0.797368
0.796593
0.795817
0.795041
0.794264
0.793486
0.792708
0.791930
0.791151
0.790372
0.789593
0.788812
0.788031
0.787249
0.786467
0.785684
0.784899
0.784114
0.783328
0.782541
0.781753
0.780965
0.780177
0.779388
0.778598
0.777807
0.777015
0.776222
0.775428
0.774633
0.773838
0.773042
0.772245
0.771448
0.770650
0.769851
0.769052
0.768253
0.767452
0.766651
0.765847
0.765043
0.764237
0.763431
0.762625
0.761818
0.761010
0.760201
0.759393
0.758583
0.757773
0.756961
0.756150
0.755337
0.754524
0.753711
0.752897
0.752082
0.751266
0.750450
0.749633
0.748815
0.747997
0.747179
0.746359
0.745539
0.744718
0.743897
0.743075
0.742252
0.741430
0.740607
0.739783
0.738958
0.738131
0.737304
0.736477
0.735646
0.734816
0.733983
0.733149
0.732315
0.731480
0.730645
0.729808
0.728971
0.728133
0.727295
0.726456
0.725615
0.724774
0.723932
0.723090
0.722246
0.721402
0.720556
0.719710
0.718862
0.718013
0.717165
0.716316
0.715467
0.714617
0.713766
0.712915
0.712062
0.711208
0.710354
0.709498
0.708641
0.707784
0.706926
0.706066
0.705206
0.704345
0.703482
0.702620
0.701756
0.700893
0.700028
0.699163
0.698296
0.697429
0.696562
0.695692
0.694822
0.693951
0.693079
0.692208
0.691335
0.690462
0.689589
0.688715
0.687841
0.686967
0.686090
0.685213
0.684336
0.683458
0.682579
0.681699
0.680818
0.679935
0.679052
0.678168
0.677284
0.676398
0.675512
0.674626
0.673739
0.672851
0.671963
0.671074
0.670185
0.669296
0.668406
0.667513
0.666620
0.665726
0.664830
0.663934
0.663038
0.662140
0.661243
0.660345
0.659445
0.658545
0.657643
0.656742
0.655836
0.654930
0.654022
0.653115
0.652206
0.651298
0.650387
0.649477
0.648565
0.647652
0.646738
0.645822
0.644906
0.643990
0.643072
0.642153
0.641233
0.640313
0.639392
0.638469
0.637544
0.636620
0.635694
0.634769
0.633840
0.632911
0.631981
0.631051
0.630119
0.629187
0.628254
0.627320
0.626385
0.625450
0.624514
0.623576
0.622638
0.621700
0.620760
0.619817
0.618873
0.617928
0.616982
0.616036
0.615089
0.614141
0.613191
0.612240
0.611288
0.610335
0.609381
0.608425
0.607469
0.606512
0.605553
0.604593
0.603632
0.602671
0.601708
0.600744
0.599780
0.598813
0.597846
0.596877
0.595907
0.594936
0.593964
0.592990
0.592014
0.591038
0.590061
0.589083
0.588105
0.587125
0.586144
0.585163
0.584181
0.583198
0.582213
0.581227
0.580240
0.579253
0.578264
0.577275
0.576284
0.575291
0.574297
0.573301
0.572306
0.571310
0.570313
0.569315
0.568317
0.567316
0.566316
0.565313
0.564311
0.563306
0.562300
0.561293
0.560285
0.559275
0.558263
0.557250
0.556235
0.555221
0.554206
0.553188
0.552169
0.551150
0.550129
0.549108
0.548085
0.547061
0.546035
0.545008
0.543977
0.542946
0.541914
0.540880
0.539844
0.538808
0.537770
0.536731
0.535691
0.534649
0.533608
0.532566
0.531523
0.530479
0.529435
0.528388
0.527340
0.526289
0.525237
0.524184
0.523130
0.522075
0.521018
0.519957
0.518895
0.517833
0.516768
0.515702
0.514634
0.513564
0.512493
0.511420
0.510346
0.509271
0.508195
0.507118
0.506039
0.504958
0.503875
0.502792
0.501709
0.500620
0.499530
0.498438
0.497345
0.496252
0.495158
0.494063
0.492964
0.491865
0.490764
0.489663
0.488557
0.487447
0.486333
0.485218
0.484102
0.482983
0.481865
0.480745
0.479625
0.478505
0.477384
0.476259
0.475132
0.474004
0.472876
0.471745
0.470613
0.469480
0.468347
0.467211
0.466075
0.464936
0.463795
0.462653
0.461508
0.460362
0.459214
0.458066
0.456914
0.455760
0.454605
0.453449
0.452291
0.451133
0.449971
0.448808
0.447644
0.446476
0.445308
0.444135
0.442961
0.441785
0.440605
0.439424
0.438240
0.437056
0.435871
0.434682
0.433493
0.432300
0.431103
0.429906
0.428709
0.427505
0.426299
0.425092
0.423885
0.422673
0.421458
0.420243
0.419026
0.417806
0.416585
0.415361
0.414135
0.412906
0.411674
0.410440
0.409203
0.407964
0.406722
0.405479
0.404234
0.402982
0.401728
0.400474
0.399217
0.397958
0.396697
0.395435
0.394170
0.392905
0.391637
0.390368
0.389095
0.387822
0.386547
0.385270
0.383990
0.382708
0.381421
0.380129
0.378836
0.377542
0.376248
0.374948
0.373647
0.372344
0.371035
0.369724
0.368411
0.367093
0.365774
0.364453
0.363128
0.361801
0.360473
0.359140
0.357806
0.356470
0.355129
0.353787
0.352440
0.351091
0.349737
0.348380
0.347020
0.345659
0.344293
0.342926
0.341554
0.340181
0.338807
0.337430
0.336047
0.334662
0.333276
0.331883
0.330489
0.329089
0.327687
0.326278
0.324864
0.323450
0.322034
0.320618
0.319195
0.317768
0.316336
0.314900
0.313461
0.312018
0.310575
0.309127
0.307669
0.306209
0.304748
0.303278
0.301805
0.300330
0.298850
0.297368
0.295884
0.294388
0.292890
0.291391
0.289891
0.288389
0.286884
0.285374
0.283858
0.282337
0.280812
0.279284
0.277751
0.276212
0.274661
0.273111
0.271559
0.270001
0.268440
0.266875
0.265303
0.263729
0.262144
0.260556
0.258968
0.257372
0.255769
0.254164
0.252550
0.250928
0.249300
0.247666
0.246027
0.244383
0.242725
0.241063
0.239393
0.237721
0.236042
0.234361
0.232671
0.230974
0.229264
0.227543
0.225816
0.224083
0.222335
0.220587
0.218828
0.217064
0.215290
0.213510
0.211720
0.209916
0.208100
0.206280
0.204446
0.202604
0.200754
0.198892
0.197016
0.195112
0.193206
0.191297
0.189372
0.187445
0.185500
0.183534
0.181562
0.179586
0.177588
0.175559
0.173513
0.171446
0.169353
0.167249
0.165127
0.162996
0.160825
0.158618
0.156396
0.154133
0.151855
0.149542
0.147208
0.144835
0.142457
0.139975
0.137455
0.134909
0.132265
0.129567
0.126825
0.124023
0.121188
0.118192
0.115072
0.111679
0.108081
0.104144
0.100000
