1.100000
1.095451
1.090680
1.085342
1.079768
1.074108
1.068441
1.062722
1.056925
1.051042
1.045023
1.038926
1.032776
1.026359
1.019795
1.013134
1.006366
0.999510
0.992594
0.985675
0.978614
0.971494
0.964352
0.956823
0.949193
0.941483
0.933747
0.925780
0.917674
0.909454
0.900934
0.892275
0.883426
0.874547
0.865575
0.856484
0.847173
0.837746
0.828292
0.818651
0.808899
0.799082
0.789076
0.778879
0.768554
0.758043
0.747423
0.736679
0.725835
0.714819
0.703526
0.692199
0.680842
0.669441
0.657913
0.646376
0.634748
0.622957
0.610977
0.598915
0.586631
0.574296
0.561704
0.548792
0.535679
0.522545
0.509233
0.495127
0.480615
0.465772
0.450595
0.435309
0.419700
0.403489
0.386358
0.368186
0.349755
0.330750
0.311166
0.290737
0.268393
0.245379
0.219791
0.193767
0.165767
0.133709
0.100000
