1.100000
1.097300
1.094582
1.091432
1.087973
1.084498
1.080907
1.077215
1.073502
1.069744
1.065836
1.061860
1.057746
1.053573
1.049199
1.044763
1.040208
1.035559
1.030873
1.026019
1.021128
1.016217
1.011299
1.006302
1.001199
0.996010
0.990798
0.985567
0.980282
0.974983
0.969656
0.964279
0.958819
0.953232
0.947622
0.941988
0.936327
0.930618
0.924808
0.918940
0.912985
0.907025
0.901038
0.895025
0.888973
0.882834
0.876666
0.870477
0.864180
0.857829
0.851429
0.844945
0.838405
0.831644
0.824875
0.818070
0.811234
0.804271
0.797260
0.790201
0.783078
0.775645
0.768172
0.760661
0.752949
0.745170
0.737079
0.728969
0.720638
0.712149
0.703501
0.694773
0.685994
0.677011
0.667846
0.658474
0.649050
0.639457
0.629784
0.619926
0.609791
0.599505
0.588930
0.578194
0.566814
0.555357
0.543586
0.531649
0.519032
0.506299
0.493094
0.479443
0.465698
0.451150
0.436127
0.420854
0.405098
0.388773
0.371476
0.353876
0.335359
0.316361
0.295842
0.274539
0.250917
0.226114
0.200664
0.173272
0.139043
0.100000
