1.100000
1.096136
1.092231
1.088297
1.084167
1.079945
1.075712
1.071439
1.067149
1.062480
1.057743
1.052993
1.048082
1.043044
1.037983
1.032869
1.027719
1.022512
1.017262
1.011839
1.006386
1.000865
0.995272
0.989580
0.983824
0.977907
0.971968
0.965944
0.959798
0.953570
0.947293
0.941011
0.934671
0.928174
0.921605
0.914830
0.907971
0.901058
0.894107
0.887022
0.879836
0.872527
0.865125
0.857668
0.850153
0.842561
0.834918
0.827187
0.819317
0.811247
0.803168
0.795028
0.786702
0.778198
0.769592
0.760764
0.751860
0.742856
0.733691
0.724410
0.715113
0.705590
0.695917
0.685987
0.675906
0.665791
0.655528
0.645148
0.634630
0.623998
0.613300
0.602549
0.591663
0.580436
0.569146
0.557457
0.545631
0.533794
0.521721
0.509247
0.496445
0.483344
0.469991
0.456549
0.443088
0.428953
0.414527
0.400014
0.384622
0.369103
0.352440
0.335451
0.317685
0.299504
0.278974
0.258090
0.235856
0.213111
0.188972
0.161159
0.133060
0.100000
