1.100000
1.097902
1.095687
1.093035
1.090380
1.087449
1.084267
1.081015
1.077758
1.074485
1.071111
1.067565
1.063961
1.060331
1.056675
1.052927
1.049150
1.045295
1.041277
1.037110
1.032932
1.028714
1.024476
1.020133
1.015768
1.011312
1.006833
1.002326
0.997755
0.993123
0.988431
0.983731
0.979012
0.974241
0.969419
0.964536
0.959628
0.954691
0.949722
0.944694
0.939598
0.934465
0.929292
0.924107
0.918912
0.913697
0.908448
0.903097
0.897712
0.892261
0.886788
0.881246
0.875615
0.869961
0.864266
0.858470
0.852663
0.846778
0.840871
0.834913
0.828878
0.822597
0.816073
0.809528
0.802967
0.796281
0.789459
0.782533
0.775548
0.768450
0.761295
0.754002
0.746413
0.738818
0.731207
0.723442
0.715649
0.707584
0.699436
0.691216
0.682943
0.674630
0.666275
0.657787
0.649215
0.640498
0.631643
0.622620
0.613481
0.604310
0.595025
0.585577
0.576057
0.566339
0.556478
0.546367
0.536155
0.525509
0.514835
0.504075
0.493047
0.481922
0.470655
0.459103
0.447444
0.435511
0.423031
0.410412
0.397788
0.384718
0.371122
0.357458
0.342893
0.327063
0.311086
0.294625
0.277327
0.259113
0.240701
0.221705
0.202076
0.180026
0.155407
0.129932
0.100000
