1.100000
1.097682
1.095204
1.092412
1.089594
1.086630
1.083641
1.080476
1.077205
1.073893
1.070527
1.067036
1.063388
1.059615
1.055838
1.051976
1.048095
1.044188
1.040256
1.036301
1.032317
1.028295
1.024265
1.020221
1.016161
1.012052
1.007889
1.003715
0.999537
0.995329
0.991093
0.986759
0.982403
0.978003
0.973585
0.969106
0.964583
0.960019
0.955427
0.950817
0.946166
0.941513
0.936833
0.932136
0.927386
0.922609
0.917814
0.913007
0.908124
0.903145
0.898125
0.893097
0.888004
0.882905
0.877747
0.872562
0.867348
0.862067
0.856750
0.851352
0.845929
0.840463
0.834916
0.829266
0.823447
0.817562
0.811659
0.805721
0.799655
0.793554
0.787363
0.781087
0.774775
0.768364
0.761945
0.755468
0.748949
0.742328
0.735678
0.728961
0.722199
0.715383
0.708489
0.701493
0.694492
0.687378
0.680204
0.672953
0.665610
0.658251
0.650875
0.643399
0.635855
0.628080
0.620253
0.612246
0.604171
0.596032
0.587768
0.579400
0.570745
0.562055
0.553247
0.544285
0.535014
0.525353
0.515692
0.506004
0.496256
0.486507
0.476570
0.466584
0.456375
0.445989
0.435258
0.424503
0.413362
0.402151
0.390633
0.378777
0.366428
0.353840
0.341190
0.328169
0.315026
0.301728
0.287889
0.273200
0.258360
0.242668
0.225644
0.208495
0.190462
0.170852
0.148843
0.126224
0.100000
