1.100000
1.098787
1.097314
1.095582
1.093833
1.092018
1.090056
1.088050
1.086000
1.083917
1.081828
1.079694
1.077548
1.075189
1.072809
1.070418
1.068002
1.065533
1.063051
1.060564
1.058023
1.055446
1.052828
1.050185
1.047531
1.044870
1.042196
1.039484
1.036699
1.033880
1.031053
1.028212
1.025357
1.022434
1.019494
1.016535
1.013552
1.010517
1.007446
1.004359
1.001248
0.998119
0.994983
0.991792
0.988572
0.985323
0.982064
0.978730
0.975382
0.971943
0.968461
0.964928
0.961341
0.957734
0.954111
0.950468
0.946783
0.943066
0.939336
0.935575
0.931760
0.927910
0.924040
0.920107
0.916158
0.912182
0.908193
0.904188
0.900178
0.896137
0.892048
0.887927
0.883784
0.879610
0.875422
0.871169
0.866899
0.862598
0.858269
0.853895
0.849483
0.845027
0.840535
0.836024
0.831461
0.826857
0.822216
0.817550
0.812858
0.808092
0.803320
0.798501
0.793676
0.788846
0.783975
0.779068
0.774141
0.769110
0.763989
0.758814
0.753609
0.748360
0.743066
0.737723
0.732243
0.726696
0.721113
0.715449
0.709700
0.703941
0.698048
0.692053
0.685976
0.679863
0.673663
0.667322
0.660601
0.653822
0.646835
0.639684
0.632227
0.624371
0.616507
0.608380
0.599839
0.591226
0.582071
0.572176
0.562194
0.551790
0.541233
0.530621
0.519801
0.508919
0.497791
0.486312
0.474653
0.462839
0.450892
0.438688
0.425973
0.413109
0.399544
0.385744
0.371479
0.356203
0.340696
0.324817
0.308283
0.291217
0.272383
0.253108
0.233259
0.212106
0.188086
0.161641
0.132846
0.100000
