1.100000
1.097421
1.094739
1.091968
1.089133
1.086253
1.083250
1.080235
1.077107
1.073816
1.070450
1.067037
1.063559
1.060061
1.056522
1.052918
1.049276
1.045606
1.041930
1.038188
1.034420
1.030635
1.026814
1.022905
1.018965
1.015013
1.010957
1.006865
1.002746
0.998540
0.994303
0.989967
0.985593
0.981215
0.976809
0.972394
0.967965
0.963528
0.959072
0.954599
0.950100
0.945559
0.941006
0.936419
0.931790
0.927140
0.922471
0.917732
0.912982
0.908075
0.903140
0.898150
0.893135
0.888076
0.882900
0.877714
0.872493
0.867263
0.861958
0.856633
0.851299
0.845959
0.840563
0.835137
0.829618
0.824074
0.818507
0.812908
0.807206
0.801442
0.795609
0.789732
0.783832
0.777842
0.771806
0.765737
0.759472
0.753166
0.746808
0.740448
0.734005
0.727375
0.720737
0.714050
0.707273
0.700447
0.693476
0.686388
0.679151
0.671807
0.664378
0.656923
0.649249
0.641539
0.633740
0.625901
0.618005
0.609906
0.601741
0.593536
0.585177
0.576508
0.567824
0.559025
0.549846
0.540518
0.530875
0.521170
0.511321
0.501233
0.491063
0.480381
0.469626
0.458869
0.447899
0.436687
0.424903
0.413018
0.400813
0.388422
0.375784
0.362979
0.349811
0.336406
0.322337
0.307894
0.293433
0.278374
0.262721
0.246646
0.229725
0.210918
0.192104
0.172489
0.151359
0.126771
0.100000
