1.100000
1.097611
1.095010
1.092288
1.089419
1.086492
1.083406
1.080265
1.077036
1.073683
1.070232
1.066609
1.062951
1.059175
1.055223
1.051099
1.046936
1.042468
1.037973
1.033440
1.028885
1.024297
1.019669
1.014981
1.010258
1.005508
1.000693
0.995837
0.990941
0.986020
0.981063
0.976035
0.970939
0.965724
0.960474
0.955215
0.949900
0.944555
0.939145
0.933719
0.928230
0.922584
0.916918
0.911196
0.905407
0.899498
0.893506
0.887513
0.881323
0.875081
0.868751
0.862400
0.856039
0.849627
0.843137
0.836492
0.829826
0.823115
0.816371
0.809545
0.802517
0.795475
0.788353
0.781037
0.773629
0.766085
0.758300
0.750292
0.741900
0.733435
0.724817
0.715941
0.706873
0.697513
0.687946
0.678172
0.668310
0.658245
0.647853
0.637028
0.625992
0.614643
0.603041
0.591376
0.579408
0.567054
0.554240
0.540880
0.527229
0.513099
0.498712
0.484121
0.468557
0.451312
0.433028
0.414662
0.395123
0.374600
0.353674
0.332078
0.309612
0.285407
0.259622
0.232930
0.203991
0.174190
0.140877
0.100000
