1.100000
1.098660
1.097310
1.095885
1.094302
1.092540
1.090511
1.088426
1.086308
1.084188
1.081950
1.079709
1.077380
1.075040
1.072695
1.070320
1.067915
1.065495
1.063073
1.060576
1.058044
1.055488
1.052884
1.050246
1.047558
1.044859
1.042145
1.039407
1.036564
1.033704
1.030840
1.027962
1.025074
1.022173
1.019230
1.016271
1.013279
1.010282
1.007234
1.004168
1.001071
0.997962
0.994788
0.991607
0.988408
0.985208
0.981995
0.978772
0.975529
0.972272
0.969003
0.965716
0.962411
0.959077
0.955715
0.952328
0.948931
0.945523
0.942094
0.938635
0.935137
0.931592
0.928023
0.924397
0.920755
0.917051
0.913339
0.909587
0.905817
0.902025
0.898199
0.894363
0.890518
0.886660
0.882751
0.878828
0.874876
0.870917
0.866949
0.862966
0.858918
0.854855
0.850750
0.846609
0.842420
0.838209
0.833977
0.829701
0.825410
0.821053
0.816688
0.812301
0.807891
0.803449
0.798984
0.794496
0.789996
0.785465
0.780857
0.776249
0.771612
0.766941
0.762227
0.757494
0.752701
0.747898
0.743042
0.738116
0.733175
0.728186
0.723197
0.718173
0.713119
0.708009
0.702859
0.697658
0.692420
0.687153
0.681829
0.676442
0.670909
0.665367
0.659799
0.654158
0.648484
0.642788
0.637061
0.631269
0.625438
0.619584
0.613663
0.607649
0.601574
0.595459
0.589184
0.582888
0.576481
0.569955
0.563367
0.556608
0.549807
0.542981
0.536127
0.529183
0.522153
0.515101
0.507928
0.500706
0.493405
0.485981
0.478359
0.470722
0.462818
0.454863
0.446736
0.438568
0.430315
0.421967
0.413429
0.404796
0.395959
0.386993
0.377878
0.368605
0.359187
0.349708
0.340100
0.330286
0.320329
0.310314
0.300077
0.289761
0.279304
0.268442
0.257496
0.246072
0.234378
0.222018
0.209241
0.196269
0.182770
0.168634
0.153548
0.137589
0.121013
0.100000
