1.100000
1.099803
1.099580
1.099351
1.099089
1.098778
1.098444
1.098084
1.097715
1.097338
1.096950
1.096557
1.096155
1.095746
1.095313
1.094851
1.094373
1.093894
1.093414
1.092921
1.092414
1.091898
1.091381
1.090860
1.090339
1.089807
1.089274
1.088731
1.088184
1.087635
1.087084
1.086527
1.085954
1.085371
1.084788
1.084201
1.083611
1.083014
1.082416
1.081818
1.081211
1.080592
1.079971
1.079340
1.078709
1.078069
1.077427
1.076779
1.076125
1.075464
1.074803
1.074139
1.073468
1.072797
1.072123
1.071446
1.070768
1.070078
1.069386
1.068687
1.067979
1.067270
1.066560
1.065845
1.065129
1.064409
1.063687
1.062959
1.062226
1.061493
1.060757
1.060011
1.059263
1.058509
1.057756
1.057001
1.056244
1.055484
1.054720
1.053953
1.053181
1.052407
1.051631
1.050852
1.050073
1.049293
1.048511
1.047721
1.046925
1.046129
1.045331
1.044531
1.043727
1.042921
1.042113
1.041304
1.040492
1.039680
1.038862
1.038044
1.037225
1.036406
1.035585
1.034762
1.033937
1.033110
1.032279
1.031447
1.030611
1.029774
1.028933
1.028091
1.027249
1.026406
1.025562
1.024717
1.023870
1.023022
1.022174
1.021324
1.020470
1.019613
1.018750
1.017887
1.017023
1.016158
1.015292
1.014419
1.013546
1.012671
1.011794
1.010916
1.010037
1.009154
1.008269
1.007383
1.006495
1.005605
1.004713
1.003821
1.002926
1.002031
1.001134
1.000233
0.999330
0.998427
0.997519
0.996610
0.995700
0.994788
0.993875
0.992959
0.992043
0.991123
0.990200
0.989275
0.988350
0.987423
0.986495
0.985564
0.984634
0.983703
0.982771
0.981837
0.980900
0.979963
0.979025
0.978083
0.977141
0.976194
0.975245
0.974295
0.973343
0.972390
0.971435
0.970479
0.969521
0.968562
0.967602
0.966642
0.965680
0.964712
0.963743
0.962773
0.961803
0.960829
0.959855
0.958879
0.957902
0.956923
0.955944
0.954963
0.953981
0.952997
0.952010
0.951022
0.950033
0.949040
0.948046
0.947050
0.946053
0.945055
0.944055
0.943053
0.942049
0.941044
0.940038
0.939030
0.938020
0.937008
0.935995
0.934982
0.933968
0.932953
0.931936
0.930917
0.929897
0.928875
0.927852
0.926825
0.925797
0.924766
0.923733
0.922700
0.921665
0.920629
0.919590
0.918549
0.917507
0.916463
0.915419
0.914373
0.913327
0.912280
0.911230
0.910178
0.909125
0.908071
0.907014
0.905954
0.904894
0.903831
0.902767
0.901703
0.900637
0.899569
0.898501
0.897430
0.896355
0.895279
0.894202
0.893123
0.892039
0.890954
0.889866
0.888775
0.887681
0.886586
0.885482
0.884378
0.883271
0.882163
0.881054
0.879944
0.878833
0.877721
0.876607
0.875490
0.874371
0.873249
0.872127
0.871004
0.869879
0.868754
0.867626
0.866496
0.865361
0.864225
0.863087
0.861947
0.860805
0.859662
0.858518
0.857372
0.856225
0.855074
0.853922
0.852768
0.851613
0.850457
0.849298
0.848137
0.846974
0.845808
0.844640
0.843470
0.842295
0.841118
0.839940
0.838760
0.837574
0.836386
0.835197
0.834005
0.832811
0.831612
0.830410
0.829207
0.828003
0.826796
0.825589
0.824380
0.823166
0.821952
0.820737
0.819520
0.818299
0.817077
0.815851
0.814620
0.813387
0.812152
0.810915
0.809676
0.808436
0.807196
0.805954
0.804702
0.803450
0.802197
0.800942
0.799686
0.798429
0.797169
0.795906
0.794640
0.793373
0.792103
0.790827
0.789548
0.788268
0.786984
0.785701
0.784413
0.783121
0.781826
0.780526
0.779225
0.777923
0.776619
0.775311
0.774000
0.772688
0.771374
0.770058
0.768740
0.767417
0.766087
0.764755
0.763420
0.762082
0.760742
0.759399
0.758055
0.756708
0.755360
0.754008
0.752653
0.751294
0.749932
0.748568
0.747201
0.745830
0.744458
0.743081
0.741698
0.740314
0.738928
0.737541
0.736150
0.734748
0.733339
0.731928
0.730512
0.729096
0.727676
0.726256
0.724834
0.723405
0.721972
0.720535
0.719095
0.717653
0.716207
0.714756
0.713303
0.711847
0.710387
0.708924
0.707456
0.705985
0.704506
0.703024
0.701540
0.700051
0.698559
0.697065
0.695566
0.694062
0.692554
0.691041
0.689522
0.687999
0.686473
0.684947
0.683419
0.681878
0.680336
0.678787
0.677235
0.675681
0.674117
0.672548
0.670976
0.669400
0.667819
0.666235
0.664645
0.663049
0.661452
0.659850
0.658241
0.656629
0.655014
0.653397
0.651776
0.650152
0.648524
0.646890
0.645247
0.643604
0.641955
0.640304
0.638645
0.636984
0.635319
0.633651
0.631979
0.630303
0.628625
0.626945
0.625255
0.623555
0.621854
0.620143
0.618431
0.616712
0.614984
0.613252
0.611519
0.609778
0.608030
0.606276
0.604519
0.602762
0.600997
0.599227
0.597451
0.595671
0.593878
0.592084
0.590285
0.588483
0.586674
0.584856
0.583030
0.581201
0.579364
0.577513
0.575650
0.573783
0.571913
0.570042
0.568163
0.566281
0.564393
0.562497
0.560598
0.558689
0.556768
0.554835
0.552886
0.550933
0.548959
0.546985
0.545003
0.543016
0.541022
0.539021
0.537009
0.534992
0.532961
0.530923
0.528871
0.526810
0.524749
0.522684
0.520610
0.518525
0.516440
0.514344
0.512235
0.510114
0.507985
0.505849
0.503700
0.501537
0.499367
0.497192
0.495010
0.492815
0.490617
0.488409
0.486173
0.483929
0.481680
0.479425
0.477157
0.474883
0.472594
0.470302
0.467996
0.465672
0.463347
0.461020
0.458680
0.456331
0.453962
0.451580
0.449186
0.446792
0.444365
0.441922
0.439478
0.437013
0.434541
0.432068
0.429574
0.427061
0.424539
0.422010
0.419418
0.416791
0.414157
0.411494
0.408819
0.406140
0.403428
0.400712
0.397970
0.395226
0.392469
0.389686
0.386896
0.384060
0.381216
0.378372
0.375501
0.372617
0.369709
0.366796
0.363872
0.360892
0.357908
0.354895
0.351866
0.348832
0.345783
0.342698
0.339607
0.336505
0.333368
0.330218
0.327028
0.323786
0.320539
0.317242
0.313894
0.310504
0.307106
0.303680
0.300234
0.296745
0.293213
0.289658
0.285982
0.282294
0.278582
0.274839
0.271071
0.267240
0.263354
0.259394
0.255400
0.251392
0.247343
0.243189
0.238962
0.234621
0.230195
0.225729
0.221212
0.216626
0.212024
0.207373
0.202573
0.197661
0.192711
0.187606
0.182357
0.176982
0.171488
0.165904
0.159758
0.153498
0.147013
0.140257
0.133229
0.125787
0.117951
0.109593
0.100000
