1.100000
1.097357
1.094590
1.091740
1.088830
1.085550
1.082163
1.078746
1.075305
1.071789
1.068235
1.064486
1.060705
1.056890
1.052980
1.048990
1.044861
1.040617
1.036305
1.031945
1.027543
1.023042
1.018527
1.013914
1.009265
1.004527
0.999778
0.994954
0.990084
0.985187
0.980282
0.975356
0.970419
0.965347
0.960257
0.955105
0.949949
0.944787
0.939582
0.934332
0.929047
0.923727
0.918381
0.913012
0.907607
0.902132
0.896636
0.891082
0.885519
0.879922
0.874300
0.868598
0.862891
0.857104
0.851284
0.845425
0.839485
0.833513
0.827455
0.821315
0.815146
0.808953
0.802674
0.796349
0.789974
0.783334
0.776525
0.769668
0.762797
0.755812
0.748775
0.741691
0.734331
0.726970
0.719587
0.712156
0.704701
0.697197
0.689671
0.682060
0.674383
0.666677
0.658882
0.650983
0.642935
0.634832
0.626643
0.618398
0.610040
0.601621
0.593133
0.584419
0.575550
0.566571
0.557376
0.548076
0.538502
0.528845
0.519011
0.508998
0.498806
0.488389
0.477724
0.466785
0.455798
0.444682
0.433374
0.422022
0.410469
0.398739
0.386729
0.374507
0.361926
0.349173
0.335986
0.322530
0.308382
0.294039
0.278908
0.263378
0.246811
0.230035
0.211907
0.193079
0.172753
0.151070
0.127347
0.100000
