1.100000
1.098505
1.096734
1.094632
1.092435
1.089921
1.087150
1.084374
1.081591
1.078780
1.075954
1.073096
1.070140
1.067160
1.064101
1.060988
1.057865
1.054700
1.051523
1.048141
1.044734
1.041230
1.037705
1.034156
1.030568
1.026972
1.023310
1.019565
1.015811
1.012042
1.008244
1.004383
1.000521
0.996612
0.992688
0.988749
0.984775
0.980768
0.976708
0.972613
0.968449
0.964254
0.960013
0.955760
0.951458
0.947132
0.942757
0.938340
0.933898
0.929346
0.924726
0.920081
0.915383
0.910657
0.905873
0.901032
0.896095
0.891130
0.885997
0.880851
0.875653
0.870412
0.865138
0.859835
0.854523
0.849128
0.843678
0.838185
0.832672
0.827126
0.821537
0.815856
0.809917
0.803892
0.797825
0.791711
0.785538
0.779280
0.772949
0.766580
0.760171
0.753515
0.746834
0.740148
0.733367
0.726539
0.719653
0.712598
0.705485
0.698302
0.691113
0.683830
0.676132
0.668291
0.660397
0.652437
0.644399
0.636232
0.628030
0.619766
0.611437
0.603085
0.594671
0.586212
0.577424
0.568610
0.559579
0.550474
0.541099
0.531522
0.521510
0.511438
0.501297
0.490973
0.480616
0.470146
0.459399
0.448480
0.437404
0.426008
0.414531
0.402664
0.390642
0.378541
0.366303
0.353524
0.340643
0.327158
0.313441
0.299393
0.284626
0.269739
0.254102
0.238041
0.221341
0.204106
0.185846
0.167386
0.147036
0.124131
0.100000
