1.100000
1.098636
1.097224
1.095735
1.094116
1.092450
1.090683
1.088906
1.087031
1.085148
1.083255
1.081334
1.079405
1.077472
1.075513
1.073519
1.071485
1.069447
1.067399
1.065345
1.063271
1.061173
1.059034
1.056883
1.054731
1.052531
1.050306
1.048071
1.045750
1.043416
1.041081
1.038725
1.036343
1.033915
1.031482
1.029046
1.026599
1.024142
1.021648
1.019150
1.016623
1.014074
1.011506
1.008922
1.006324
1.003702
1.001065
0.998410
0.995732
0.993041
0.990332
0.987614
0.984887
0.982155
0.979419
0.976674
0.973904
0.971120
0.968326
0.965521
0.962712
0.959882
0.957041
0.954196
0.951335
0.948452
0.945549
0.942615
0.939670
0.936718
0.933750
0.930773
0.927783
0.924770
0.921729
0.918682
0.915606
0.912526
0.909439
0.906320
0.903190
0.900056
0.896899
0.893716
0.890510
0.887301
0.884062
0.880819
0.877548
0.874266
0.870963
0.867646
0.864301
0.860899
0.857496
0.854061
0.850595
0.847119
0.843584
0.840037
0.836489
0.832927
0.829332
0.825726
0.822093
0.818443
0.814763
0.811068
0.807353
0.803618
0.799832
0.796025
0.792161
0.788282
0.784374
0.780436
0.776411
0.772371
0.768310
0.764226
0.760120
0.756000
0.751867
0.747681
0.743455
0.739208
0.734906
0.730588
0.726257
0.721910
0.717507
0.713028
0.708521
0.704001
0.699456
0.694873
0.690259
0.685582
0.680869
0.675990
0.671063
0.666062
0.660996
0.655928
0.650791
0.645648
0.640489
0.635287
0.629971
0.624582
0.619120
0.613611
0.608072
0.602497
0.596817
0.591042
0.585253
0.579419
0.573545
0.567649
0.561554
0.555456
0.549235
0.542978
0.536658
0.530303
0.523846
0.517341
0.510752
0.504030
0.497265
0.490448
0.483495
0.476458
0.469328
0.462168
0.454891
0.447562
0.440186
0.432786
0.425261
0.417577
0.409750
0.401808
0.393604
0.385263
0.376776
0.368100
0.359124
0.350086
0.340659
0.331007
0.321216
0.311231
0.301058
0.290709
0.280002
0.269153
0.257993
0.246565
0.235110
0.223063
0.210839
0.198132
0.184641
0.169794
0.154808
0.138951
0.120718
0.100000
