1.100000
1.098770
1.097310
1.095175
1.092990
1.090769
1.088440
1.086036
1.083545
1.081027
1.078431
1.075795
1.073124
1.070383
1.067619
1.064838
1.062018
1.059187
1.056343
1.053491
1.050614
1.047714
1.044792
1.041835
1.038861
1.035876
1.032859
1.029834
1.026734
1.023610
1.020454
1.017279
1.014088
1.010880
1.007642
1.004375
1.001074
0.997768
0.994435
0.991082
0.987693
0.984263
0.980817
0.977347
0.973845
0.970327
0.966794
0.963231
0.959652
0.956059
0.952439
0.948801
0.945135
0.941439
0.937721
0.933967
0.930206
0.926433
0.922628
0.918814
0.914994
0.911140
0.907239
0.903304
0.899351
0.895386
0.891392
0.887391
0.883325
0.879251
0.875172
0.871057
0.866935
0.862789
0.858601
0.854389
0.850142
0.845811
0.841427
0.837020
0.832570
0.828065
0.823508
0.818932
0.814314
0.809600
0.804840
0.800057
0.795208
0.790339
0.785257
0.780172
0.775049
0.769767
0.764454
0.759128
0.753780
0.748370
0.742911
0.737403
0.731799
0.726193
0.720566
0.714861
0.709119
0.703288
0.697430
0.691508
0.685420
0.679305
0.673102
0.666735
0.660302
0.653788
0.647212
0.640580
0.633818
0.627019
0.620148
0.613174
0.606049
0.598801
0.591510
0.584114
0.576583
0.568863
0.561124
0.553344
0.545411
0.537403
0.529244
0.521025
0.512709
0.504336
0.495802
0.487244
0.478541
0.469685
0.460748
0.451476
0.442051
0.432104
0.421992
0.411789
0.401384
0.390789
0.379825
0.368831
0.357323
0.345758
0.333825
0.321669
0.308961
0.295894
0.282471
0.268758
0.254709
0.240280
0.225631
0.210615
0.195134
0.178926
0.161417
0.142670
0.122644
0.100000
