1.100000
1.098636
1.096793
1.094828
1.092771
1.090633
1.088317
1.085987
1.083640
1.081278
1.078891
1.076459
1.074016
1.071551
1.069012
1.066421
1.063754
1.061035
1.058296
1.055531
1.052734
1.049863
1.046970
1.044044
1.041103
1.037999
1.034887
1.031763
1.028631
1.025463
1.022267
1.019055
1.015823
1.012550
1.009261
1.005944
1.002587
0.999219
0.995847
0.992449
0.989024
0.985577
0.982123
0.978636
0.975101
0.971530
0.967944
0.964306
0.960624
0.956935
0.953232
0.949466
0.945659
0.941839
0.937964
0.934056
0.930144
0.926193
0.922232
0.918266
0.914277
0.910243
0.906209
0.902148
0.898040
0.893915
0.889735
0.885543
0.881304
0.877046
0.872760
0.868442
0.864115
0.859745
0.855321
0.850896
0.846426
0.841924
0.837357
0.832785
0.828188
0.823569
0.818914
0.814213
0.809497
0.804740
0.799931
0.795109
0.790263
0.785384
0.780465
0.775501
0.770470
0.765383
0.760282
0.755134
0.749980
0.744706
0.739395
0.734059
0.728645
0.723223
0.717629
0.712001
0.706291
0.700541
0.694719
0.688802
0.682755
0.676553
0.670318
0.663953
0.657544
0.651116
0.644583
0.637967
0.631220
0.624436
0.617618
0.610748
0.603800
0.596650
0.589418
0.582160
0.574791
0.567284
0.559717
0.552103
0.544306
0.536321
0.528230
0.520033
0.511806
0.503436
0.494889
0.486244
0.477286
0.468303
0.459227
0.450100
0.440911
0.431535
0.421925
0.412175
0.402254
0.392253
0.381515
0.370643
0.359488
0.348235
0.336899
0.325207
0.313384
0.301415
0.289406
0.277245
0.264388
0.251187
0.237689
0.224071
0.209080
0.193633
0.177496
0.160493
0.142179
0.122652
0.100000
