1.100000
1.099749
1.099435
1.099027
1.098588
1.098105
1.097594
1.097068
1.096525
1.095975
1.095405
1.094813
1.094211
1.093607
1.093000
1.092384
1.091762
1.091116
1.090463
1.089802
1.089140
1.088456
1.087767
1.087075
1.086365
1.085651
1.084931
1.084208
1.083482
1.082756
1.082027
1.081281
1.080528
1.079762
1.078989
1.078200
1.077411
1.076614
1.075815
1.075004
1.074188
1.073369
1.072545
1.071715
1.070884
1.070044
1.069204
1.068362
1.067519
1.066672
1.065822
1.064965
1.064106
1.063242
1.062376
1.061503
1.060626
1.059744
1.058860
1.057962
1.057063
1.056162
1.055258
1.054354
1.053425
1.052492
1.051554
1.050615
1.049674
1.048731
1.047786
1.046839
1.045886
1.044924
1.043959
1.042994
1.042022
1.041045
1.040064
1.039080
1.038095
1.037106
1.036114
1.035121
1.034121
1.033120
1.032115
1.031107
1.030096
1.029083
1.028067
1.027051
1.026028
1.025003
1.023974
1.022942
1.021909
1.020870
1.019830
1.018787
1.017742
1.016695
1.015647
1.014594
1.013539
1.012484
1.011426
1.010362
1.009293
1.008221
1.007148
1.006072
1.004992
1.003911
1.002827
1.001742
1.000655
0.999566
0.998475
0.997380
0.996286
0.995190
0.994093
0.992993
0.991891
0.990788
0.989684
0.988573
0.987461
0.986344
0.985225
0.984105
0.982985
0.981863
0.980739
0.979614
0.978486
0.977354
0.976219
0.975081
0.973935
0.972782
0.971629
0.970474
0.969317
0.968158
0.966995
0.965830
0.964663
0.963494
0.962322
0.961148
0.959972
0.958796
0.957617
0.956437
0.955256
0.954071
0.952884
0.951697
0.950509
0.949318
0.948127
0.946934
0.945737
0.944534
0.943330
0.942123
0.940914
0.939705
0.938495
0.937283
0.936066
0.934847
0.933621
0.932393
0.931163
0.929930
0.928691
0.927450
0.926209
0.924964
0.923720
0.922473
0.921224
0.919973
0.918718
0.917461
0.916201
0.914940
0.913677
0.912411
0.911141
0.909870
0.908592
0.907313
0.906028
0.904741
0.903452
0.902160
0.900866
0.899570
0.898269
0.896968
0.895660
0.894351
0.893038
0.891724
0.890406
0.889084
0.887758
0.886431
0.885101
0.883770
0.882434
0.881093
0.879752
0.878407
0.877062
0.875714
0.874361
0.873005
0.871648
0.870288
0.868919
0.867550
0.866178
0.864798
0.863416
0.862032
0.860646
0.859255
0.857863
0.856469
0.855073
0.853675
0.852273
0.850867
0.849459
0.848046
0.846630
0.845207
0.843783
0.842359
0.840933
0.839501
0.838066
0.836628
0.835182
0.833732
0.832280
0.830823
0.829361
0.827893
0.826422
0.824944
0.823464
0.821983
0.820496
0.819006
0.817514
0.816019
0.814520
0.813017
0.811514
0.810005
0.808491
0.806973
0.805446
0.803918
0.802386
0.800852
0.799317
0.797779
0.796234
0.794689
0.793143
0.791595
0.790043
0.788489
0.786933
0.785371
0.783806
0.782239
0.780668
0.779090
0.777510
0.775928
0.774343
0.772752
0.771158
0.769553
0.767948
0.766339
0.764723
0.763104
0.761484
0.759859
0.758234
0.756598
0.754958
0.753317
0.751673
0.750017
0.748360
0.746697
0.745023
0.743345
0.741663
0.739976
0.738287
0.736591
0.734891
0.733175
0.731455
0.729731
0.727997
0.726262
0.724526
0.722788
0.721044
0.719293
0.717537
0.715778
0.714010
0.712239
0.710459
0.708678
0.706888
0.705095
0.703291
0.701477
0.699661
0.697838
0.696014
0.694182
0.692340
0.690492
0.688638
0.686781
0.684924
0.683060
0.681191
0.679296
0.677394
0.675491
0.673582
0.671665
0.669742
0.667812
0.665871
0.663918
0.661959
0.659993
0.658023
0.656040
0.654050
0.652047
0.650035
0.648012
0.645986
0.643954
0.641913
0.639862
0.637805
0.635737
0.633666
0.631577
0.629469
0.627356
0.625242
0.623121
0.620994
0.618855
0.616717
0.614569
0.612410
0.610244
0.608067
0.605888
0.603702
0.601503
0.599303
0.597085
0.594857
0.592614
0.590342
0.588063
0.585779
0.583490
0.581197
0.578879
0.576560
0.574241
0.571905
0.569546
0.567181
0.564807
0.562432
0.560034
0.557630
0.555214
0.552789
0.550343
0.547890
0.545419
0.542941
0.540461
0.537973
0.535481
0.532974
0.530458
0.527937
0.525409
0.522847
0.520270
0.517684
0.515077
0.512447
0.509810
0.507165
0.504512
0.501839
0.499156
0.496450
0.493738
0.491005
0.488251
0.485490
0.482727
0.479951
0.477152
0.474351
0.471535
0.468713
0.465877
0.463023
0.460168
0.457287
0.454382
0.451451
0.448509
0.445539
0.442550
0.439554
0.436535
0.433505
0.430462
0.427359
0.424231
0.421092
0.417943
0.414780
0.411591
0.408376
0.405135
0.401882
0.398603
0.395319
0.391996
0.388640
0.385252
0.381858
0.378445
0.374987
0.371497
0.367999
0.364477
0.360937
0.357352
0.353763
0.350156
0.346519
0.342863
0.339158
0.335441
0.331695
0.327938
0.324158
0.320329
0.316459
0.312576
0.308677
0.304759
0.300816
0.296841
0.292840
0.288802
0.284758
0.280705
0.276609
0.272461
0.268280
0.264084
0.259855
0.255611
0.251251
0.246890
0.242468
0.237965
0.233407
0.228811
0.224187
0.219530
0.214760
0.209927
0.205053
0.200160
0.195109
0.189963
0.184810
0.179474
0.174085
0.168562
0.162963
0.157171
0.151149
0.145005
0.138598
0.131963
0.125089
0.117797
0.109488
0.100000
