1.100000
1.098879
1.097655
1.096416
1.095121
1.093815
1.092485
1.091107
1.089728
1.088251
1.086743
1.085232
1.083684
1.082102
1.080457
1.078799
1.077125
1.075440
1.073736
1.072003
1.070266
1.068497
1.066700
1.064873
1.063028
1.061162
1.059293
1.057420
1.055532
1.053629
1.051708
1.049763
1.047791
1.045812
1.043829
1.041841
1.039841
1.037837
1.035801
1.033754
1.031685
1.029604
1.027519
1.025423
1.023323
1.021202
1.019077
1.016933
1.014761
1.012571
1.010368
1.008159
1.005938
1.003711
1.001482
0.999251
0.997004
0.994754
0.992499
0.990237
0.987972
0.985704
0.983431
0.981134
0.978813
0.976491
0.974166
0.971831
0.969494
0.967136
0.964776
0.962374
0.959970
0.957565
0.955135
0.952703
0.950247
0.947790
0.945308
0.942812
0.940313
0.937812
0.935299
0.932770
0.930233
0.927690
0.925136
0.922577
0.920013
0.917441
0.914866
0.912285
0.909696
0.907095
0.904485
0.901871
0.899227
0.896538
0.893841
0.891134
0.888419
0.885699
0.882968
0.880217
0.877458
0.874692
0.871918
0.869133
0.866342
0.863536
0.860726
0.857901
0.855068
0.852230
0.849387
0.846537
0.843674
0.840804
0.837919
0.835028
0.832136
0.829226
0.826310
0.823379
0.820439
0.817490
0.814502
0.811495
0.808468
0.805417
0.802355
0.799291
0.796219
0.793139
0.790053
0.786937
0.783816
0.780688
0.777544
0.774385
0.771224
0.768053
0.764881
0.761694
0.758491
0.755263
0.752027
0.748775
0.745514
0.742248
0.738967
0.735671
0.732368
0.729049
0.725725
0.722375
0.719020
0.715661
0.712290
0.708911
0.705532
0.702148
0.698728
0.695283
0.691820
0.688343
0.684821
0.681286
0.677748
0.674205
0.670649
0.667076
0.663494
0.659897
0.656273
0.652636
0.648974
0.645294
0.641611
0.637898
0.634182
0.630437
0.626659
0.622862
0.619033
0.615202
0.611356
0.607496
0.603608
0.599717
0.595801
0.591863
0.587888
0.583854
0.579781
0.575698
0.571580
0.567398
0.563200
0.558987
0.554754
0.550502
0.546231
0.541956
0.537670
0.533374
0.529039
0.524680
0.520255
0.515811
0.511332
0.506842
0.502345
0.497796
0.493226
0.488620
0.483983
0.479342
0.474680
0.469996
0.465285
0.460546
0.455788
0.451010
0.446192
0.441339
0.436446
0.431477
0.426462
0.421432
0.416393
0.411311
0.406185
0.401044
0.395801
0.390428
0.385031
0.379543
0.373934
0.368269
0.362523
0.356731
0.350900
0.344985
0.339024
0.333046
0.326920
0.320638
0.314350
0.307954
0.301414
0.294727
0.288025
0.281245
0.274442
0.267600
0.260663
0.253666
0.246418
0.239148
0.231653
0.224128
0.216565
0.208754
0.200641
0.192382
0.184004
0.175221
0.166193
0.156845
0.147106
0.136859
0.126102
0.113987
0.100000
