1.100000
1.098517
1.097010
1.095496
1.093893
1.092183
1.090451
1.088655
1.086776
1.084885
1.082951
1.081003
1.079054
1.077103
1.075089
1.073073
1.071004
1.068876
1.066740
1.064604
1.062455
1.060296
1.058135
1.055970
1.053781
1.051568
1.049346
1.047119
1.044888
1.042644
1.040397
1.038133
1.035860
1.033560
1.031253
1.028905
1.026547
1.024166
1.021779
1.019357
1.016915
1.014466
1.012014
1.009558
1.007094
1.004628
1.002135
0.999628
0.997119
0.994600
0.992065
0.989521
0.986973
0.984395
0.981788
0.979179
0.976566
0.973926
0.971279
0.968619
0.965944
0.963261
0.960571
0.957871
0.955168
0.952431
0.949686
0.946932
0.944176
0.941408
0.938636
0.935844
0.933031
0.930204
0.927375
0.924536
0.921675
0.918808
0.915914
0.913005
0.910089
0.907170
0.904241
0.901303
0.898355
0.895402
0.892430
0.889456
0.886470
0.883479
0.880476
0.877463
0.874448
0.871420
0.868386
0.865338
0.862276
0.859205
0.856121
0.853024
0.849917
0.846807
0.843674
0.840523
0.837361
0.834193
0.831014
0.827822
0.824591
0.821336
0.818054
0.814763
0.811465
0.808158
0.804843
0.801517
0.798184
0.794825
0.791442
0.788035
0.784612
0.781172
0.777707
0.774216
0.770723
0.767216
0.763706
0.760185
0.756653
0.753110
0.749561
0.746006
0.742415
0.738824
0.735220
0.731592
0.727938
0.724254
0.720543
0.716800
0.713044
0.709281
0.705467
0.701650
0.697819
0.693982
0.690133
0.686274
0.682380
0.678455
0.674519
0.670505
0.666476
0.662433
0.658356
0.654272
0.650180
0.646069
0.641944
0.637807
0.633606
0.629373
0.625131
0.620861
0.616508
0.612120
0.607717
0.603295
0.598864
0.594377
0.589851
0.585311
0.580649
0.575956
0.571249
0.566532
0.561792
0.557039
0.552196
0.547329
0.542460
0.537532
0.532582
0.527568
0.522534
0.517426
0.512273
0.507102
0.501877
0.496646
0.491407
0.486020
0.480615
0.475142
0.469605
0.464014
0.458387
0.452676
0.446897
0.441048
0.435149
0.429192
0.423058
0.416848
0.410608
0.404326
0.397823
0.391287
0.384658
0.378009
0.371270
0.364434
0.357591
0.350570
0.343378
0.336184
0.328939
0.321594
0.314112
0.306383
0.298451
0.290514
0.282525
0.274068
0.265567
0.256885
0.248133
0.238976
0.229512
0.219720
0.209886
0.199820
0.189424
0.178578
0.167546
0.155544
0.143062
0.129483
0.115424
0.100000
