1.100000
1.098978
1.097921
1.096795
1.095648
1.094490
1.093299
1.092095
1.090872
1.089649
1.088377
1.087091
1.085727
1.084313
1.082899
1.081462
1.079975
1.078465
1.076924
1.075356
1.073767
1.072154
1.070538
1.068904
1.067268
1.065591
1.063911
1.062222
1.060528
1.058825
1.057113
1.055389
1.053656
1.051920
1.050178
1.048420
1.046653
1.044875
1.043088
1.041301
1.039494
1.037683
1.035850
1.034006
1.032154
1.030294
1.028431
1.026560
1.024685
1.022808
1.020930
1.019026
1.017120
1.015203
1.013273
1.011339
1.009397
1.007451
1.005493
1.003531
1.001562
0.999580
0.997588
0.995594
0.993592
0.991574
0.989550
0.987520
0.985488
0.983443
0.981388
0.979327
0.977253
0.975178
0.973077
0.970960
0.968837
0.966706
0.964572
0.962436
0.960294
0.958148
0.955991
0.953824
0.951647
0.949469
0.947287
0.945100
0.942910
0.940715
0.938520
0.936317
0.934108
0.931899
0.929672
0.927436
0.925185
0.922935
0.920679
0.918412
0.916131
0.913842
0.911545
0.909235
0.906922
0.904598
0.902264
0.899921
0.897566
0.895212
0.892855
0.890494
0.888116
0.885737
0.883350
0.880959
0.878559
0.876128
0.873680
0.871230
0.868765
0.866287
0.863798
0.861300
0.858788
0.856274
0.853755
0.851226
0.848695
0.846150
0.843599
0.841038
0.838471
0.835890
0.833301
0.830702
0.828088
0.825455
0.822813
0.820162
0.817503
0.814839
0.812172
0.809489
0.806788
0.804080
0.801372
0.798644
0.795911
0.793173
0.790420
0.787665
0.784901
0.782124
0.779320
0.776503
0.773671
0.770829
0.767975
0.765114
0.762248
0.759367
0.756483
0.753592
0.750678
0.747756
0.744810
0.741860
0.738896
0.735914
0.732909
0.729898
0.726876
0.723845
0.720782
0.717700
0.714596
0.711491
0.708372
0.705244
0.702087
0.698901
0.695690
0.692470
0.689240
0.685993
0.682736
0.679451
0.676165
0.672870
0.669562
0.666218
0.662867
0.659502
0.656133
0.652746
0.649346
0.645929
0.642506
0.639031
0.635548
0.632054
0.628541
0.625023
0.621471
0.617895
0.614293
0.610668
0.607030
0.603359
0.599671
0.595973
0.592253
0.588528
0.584780
0.580993
0.577172
0.573342
0.569497
0.565643
0.561750
0.557810
0.553853
0.549867
0.545859
0.541812
0.537695
0.533569
0.529424
0.525224
0.521021
0.516789
0.512547
0.508298
0.504004
0.499683
0.495307
0.490914
0.486473
0.481972
0.477457
0.472896
0.468297
0.463658
0.458968
0.454249
0.449496
0.444711
0.439896
0.435051
0.430079
0.425096
0.420086
0.414995
0.409838
0.404645
0.399375
0.394070
0.388730
0.383299
0.377758
0.372206
0.366629
0.360985
0.355252
0.349412
0.343397
0.337381
0.331350
0.325203
0.318919
0.312560
0.306148
0.299688
0.293023
0.286317
0.279578
0.272728
0.265622
0.258452
0.251116
0.243697
0.236050
0.228151
0.220191
0.212070
0.203701
0.195314
0.186548
0.177589
0.168247
0.158549
0.148416
0.137942
0.126525
0.114482
0.100000
