1.100000
1.098923
1.097632
1.096305
1.094932
1.093454
1.091939
1.090382
1.088744
1.087047
1.085330
1.083568
1.081794
1.080014
1.078199
1.076380
1.074553
1.072725
1.070896
1.069051
1.067128
1.065193
1.063231
1.061266
1.059283
1.057284
1.055275
1.053252
1.051210
1.049162
1.047107
1.045009
1.042904
1.040770
1.038628
1.036465
1.034299
1.032130
1.029953
1.027760
1.025555
1.023334
1.021112
1.018864
1.016602
1.014323
1.012039
1.009739
1.007433
1.005120
1.002797
1.000471
0.998138
0.995774
0.993402
0.991023
0.988641
0.986231
0.983793
0.981347
0.978898
0.976448
0.973973
0.971488
0.968992
0.966479
0.963963
0.961422
0.958877
0.956325
0.953760
0.951180
0.948597
0.946004
0.943409
0.940797
0.938181
0.935541
0.932861
0.930173
0.927482
0.924790
0.922084
0.919345
0.916591
0.913825
0.911051
0.908265
0.905475
0.902678
0.899855
0.897032
0.894197
0.891356
0.888494
0.885629
0.882743
0.879844
0.876940
0.874031
0.871096
0.868148
0.865181
0.862206
0.859221
0.856226
0.853220
0.850207
0.847190
0.844152
0.841106
0.838057
0.835002
0.831904
0.828783
0.825649
0.822508
0.819356
0.816200
0.813031
0.809850
0.806655
0.803452
0.800237
0.797002
0.793765
0.790514
0.787258
0.784000
0.780731
0.777439
0.774133
0.770821
0.767490
0.764134
0.760774
0.757385
0.753985
0.750576
0.747149
0.743710
0.740224
0.736726
0.733185
0.729623
0.726046
0.722463
0.718862
0.715250
0.711619
0.707979
0.704265
0.700549
0.696821
0.693082
0.689328
0.685566
0.681796
0.678018
0.674215
0.670376
0.666517
0.662645
0.658754
0.654835
0.650887
0.646894
0.642871
0.638825
0.634749
0.630639
0.626496
0.622345
0.618182
0.613996
0.609787
0.605554
0.601307
0.597058
0.592763
0.588409
0.584050
0.579671
0.575283
0.570860
0.566397
0.561908
0.557379
0.552835
0.548236
0.543623
0.538998
0.534352
0.529643
0.524885
0.520102
0.515261
0.510418
0.505526
0.500613
0.495684
0.490705
0.485717
0.480613
0.475459
0.470293
0.465066
0.459802
0.454482
0.449132
0.443779
0.438377
0.432944
0.427488
0.421951
0.416394
0.410775
0.405090
0.399353
0.393576
0.387743
0.381847
0.375857
0.369736
0.363585
0.357394
0.351182
0.344921
0.338653
0.332282
0.325748
0.319175
0.312485
0.305730
0.298878
0.291885
0.284787
0.277597
0.270277
0.262820
0.255228
0.247546
0.239816
0.231825
0.223804
0.215636
0.206978
0.198141
0.188834
0.179254
0.169564
0.159639
0.149353
0.138667
0.126787
0.114509
0.100000
