1.100000
1.098800
1.097598
1.096244
1.094869
1.093487
1.092032
1.090528
1.088966
1.087327
1.085668
1.083975
1.082279
1.080553
1.078808
1.077053
1.075293
1.073528
1.071759
1.069963
1.068147
1.066297
1.064437
1.062577
1.060712
1.058835
1.056951
1.055067
1.053165
1.051258
1.049342
1.047418
1.045491
1.043552
1.041591
1.039621
1.037647
1.035652
1.033641
1.031615
1.029570
1.027513
1.025451
1.023374
1.021293
1.019205
1.017099
1.014991
1.012858
1.010704
1.008545
1.006380
1.004210
1.002029
0.999813
0.997592
0.995365
0.993113
0.990857
0.988592
0.986324
0.984054
0.981772
0.979455
0.977128
0.974786
0.972442
0.970093
0.967740
0.965379
0.963014
0.960643
0.958272
0.955895
0.953504
0.951109
0.948710
0.946308
0.943882
0.941428
0.938962
0.936479
0.933995
0.931496
0.928977
0.926448
0.923912
0.921368
0.918822
0.916267
0.913704
0.911137
0.908560
0.905972
0.903385
0.900782
0.898168
0.895534
0.892892
0.890235
0.887560
0.884871
0.882179
0.879483
0.876787
0.874088
0.871384
0.868659
0.865930
0.863188
0.860441
0.857683
0.854903
0.852107
0.849292
0.846456
0.843611
0.840760
0.837902
0.835041
0.832164
0.829264
0.826357
0.823443
0.820522
0.817591
0.814641
0.811682
0.808716
0.805741
0.802750
0.799755
0.796750
0.793705
0.790658
0.787588
0.784500
0.781391
0.778270
0.775147
0.772013
0.768869
0.765724
0.762547
0.759346
0.756135
0.752916
0.749692
0.746440
0.743178
0.739872
0.736563
0.733248
0.729922
0.726574
0.723205
0.719827
0.716436
0.713040
0.709621
0.706196
0.702741
0.699262
0.695766
0.692262
0.688751
0.685220
0.681662
0.678081
0.674475
0.670854
0.667216
0.663555
0.659876
0.656191
0.652503
0.648789
0.645050
0.641269
0.637476
0.633674
0.629799
0.625924
0.622032
0.618114
0.614173
0.610215
0.606216
0.602202
0.598180
0.594110
0.590012
0.585905
0.581762
0.577600
0.573413
0.569211
0.564999
0.560717
0.556411
0.552072
0.547698
0.543322
0.538884
0.534421
0.529923
0.525383
0.520821
0.516229
0.511620
0.506987
0.502344
0.497681
0.492996
0.488292
0.483574
0.478778
0.473974
0.469142
0.464237
0.459255
0.454270
0.449229
0.444128
0.438974
0.433775
0.428572
0.423298
0.417999
0.412571
0.407112
0.401590
0.396057
0.390507
0.384922
0.379259
0.373564
0.367703
0.361785
0.355854
0.349880
0.343750
0.337554
0.331260
0.324843
0.318392
0.311892
0.305283
0.298577
0.291837
0.284875
0.277842
0.270322
0.262754
0.255163
0.247405
0.239505
0.231546
0.223442
0.215104
0.206604
0.197778
0.188697
0.179368
0.169799
0.160074
0.149868
0.139032
0.127503
0.113946
0.100000
