1.100000
1.098690
1.097376
1.096032
1.094625
1.093183
1.091702
1.090213
1.088703
1.087184
1.085615
1.084020
1.082399
1.080754
1.079077
1.077389
1.075617
1.073817
1.071974
1.070124
1.068272
1.066373
1.064446
1.062513
1.060568
1.058612
1.056639
1.054663
1.052634
1.050590
1.048534
1.046468
1.044386
1.042286
1.040173
1.038038
1.035860
1.033681
1.031490
1.029292
1.027077
1.024854
1.022616
1.020344
1.018059
1.015752
1.013437
1.011111
1.008774
1.006412
1.004022
1.001627
0.999222
0.996806
0.994369
0.991922
0.989474
0.987011
0.984542
0.982066
0.979555
0.977038
0.974511
0.971977
0.969441
0.966897
0.964340
0.961762
0.959176
0.956584
0.953974
0.951357
0.948737
0.946107
0.943463
0.940810
0.938140
0.935457
0.932749
0.930021
0.927292
0.924550
0.921805
0.919057
0.916301
0.913533
0.910761
0.907984
0.905194
0.902378
0.899549
0.896716
0.893874
0.891024
0.888168
0.885309
0.882444
0.879554
0.876660
0.873739
0.870812
0.867868
0.864918
0.861956
0.858961
0.855947
0.852925
0.849898
0.846852
0.843789
0.840720
0.837644
0.834551
0.831450
0.828324
0.825194
0.822040
0.818855
0.815654
0.812435
0.809205
0.805950
0.802676
0.799392
0.796094
0.792787
0.789467
0.786108
0.782727
0.779342
0.775958
0.772567
0.769171
0.765762
0.762336
0.758908
0.755472
0.752032
0.748568
0.745092
0.741602
0.738074
0.734522
0.730960
0.727397
0.723817
0.720233
0.716641
0.713028
0.709387
0.705732
0.702047
0.698341
0.694628
0.690889
0.687127
0.683352
0.679571
0.675762
0.671946
0.668115
0.664280
0.660428
0.656555
0.652677
0.648783
0.644873
0.640958
0.637026
0.633065
0.629084
0.625073
0.621048
0.616990
0.612894
0.608787
0.604664
0.600540
0.596383
0.592217
0.588029
0.583788
0.579525
0.575223
0.570913
0.566583
0.562240
0.557889
0.553493
0.549081
0.544650
0.540205
0.535726
0.531203
0.526670
0.522081
0.517460
0.512837
0.508170
0.503439
0.498699
0.493939
0.489109
0.484267
0.479409
0.474542
0.469618
0.464653
0.459645
0.454576
0.449489
0.444378
0.439199
0.433975
0.428703
0.423378
0.418015
0.412591
0.407140
0.401615
0.396044
0.390455
0.384832
0.379124
0.373297
0.367428
0.361440
0.355427
0.349290
0.343140
0.336928
0.330615
0.324099
0.317486
0.310824
0.304062
0.297255
0.290274
0.283269
0.276223
0.269041
0.261823
0.254463
0.246795
0.238996
0.231005
0.222834
0.214567
0.206108
0.197496
0.188524
0.179473
0.170140
0.160080
0.149455
0.138378
0.126757
0.113816
0.100000
