1.100000
1.098763
1.097442
1.096101
1.094736
1.093296
1.091815
1.090287
1.088709
1.086974
1.085237
1.083460
1.081660
1.079856
1.078048
1.076224
1.074347
1.072431
1.070499
1.068539
1.066579
1.064596
1.062572
1.060540
1.058493
1.056445
1.054384
1.052303
1.050214
1.048107
1.045994
1.043875
1.041740
1.039583
1.037414
1.035234
1.033055
1.030853
1.028648
1.026418
1.024184
1.021937
1.019683
1.017429
1.015145
1.012858
1.010568
1.008273
1.005974
1.003661
1.001318
0.998930
0.996533
0.994120
0.991691
0.989255
0.986815
0.984375
0.981928
0.979456
0.976980
0.974493
0.971987
0.969476
0.966963
0.964437
0.961897
0.959348
0.956790
0.954227
0.951609
0.948982
0.946343
0.943697
0.941046
0.938385
0.935716
0.933036
0.930343
0.927626
0.924897
0.922158
0.919403
0.916638
0.913859
0.911072
0.908284
0.905480
0.902667
0.899845
0.897010
0.894162
0.891301
0.888428
0.885549
0.882661
0.879759
0.876845
0.873913
0.870965
0.868005
0.865019
0.862032
0.859039
0.856029
0.853003
0.849954
0.846894
0.843801
0.840702
0.837592
0.834450
0.831304
0.828146
0.824959
0.821760
0.818555
0.815345
0.812125
0.808896
0.805645
0.802352
0.799038
0.795718
0.792393
0.789062
0.785727
0.782381
0.779025
0.775639
0.772229
0.768795
0.765351
0.761903
0.758434
0.754960
0.751470
0.747971
0.744455
0.740933
0.737393
0.733831
0.730220
0.726594
0.722959
0.719317
0.715648
0.711936
0.708218
0.704500
0.700772
0.697040
0.693287
0.689516
0.685724
0.681913
0.678077
0.674201
0.670315
0.666404
0.662468
0.658500
0.654498
0.650475
0.646424
0.642330
0.638204
0.634047
0.629888
0.625710
0.621500
0.617285
0.613042
0.608778
0.604508
0.600210
0.595877
0.591525
0.587153
0.582759
0.578313
0.573857
0.569320
0.564759
0.560145
0.555495
0.550814
0.546109
0.541398
0.536601
0.531788
0.526942
0.522010
0.517037
0.512013
0.506936
0.501827
0.496705
0.491554
0.486364
0.481124
0.475858
0.470574
0.465248
0.459833
0.454375
0.448853
0.443324
0.437759
0.432159
0.426550
0.420889
0.415169
0.409426
0.403557
0.397613
0.391620
0.385588
0.379518
0.373344
0.367156
0.360922
0.354577
0.348213
0.341770
0.335279
0.328740
0.322118
0.315444
0.308501
0.301482
0.294417
0.287155
0.279830
0.272474
0.264946
0.257312
0.249559
0.241679
0.233465
0.225156
0.216730
0.208153
0.199370
0.190490
0.181076
0.171275
0.161319
0.150547
0.139441
0.127653
0.115227
0.100000
