1.100000
1.099824
1.099644
1.099464
1.099269
1.099070
1.098862
1.098647
1.098429
1.098206
1.097981
1.097755
1.097524
1.097285
1.097044
1.096803
1.096558
1.096311
1.096062
1.095807
1.095547
1.095287
1.095026
1.094763
1.094496
1.094222
1.093940
1.093658
1.093374
1.093088
1.092798
1.092506
1.092212
1.091917
1.091618
1.091315
1.091011
1.090707
1.090401
1.090089
1.089777
1.089463
1.089150
1.088834
1.088518
1.088201
1.087882
1.087562
1.087239
1.086911
1.086581
1.086252
1.085921
1.085589
1.085256
1.084921
1.084584
1.084247
1.083908
1.083566
1.083224
1.082880
1.082534
1.082188
1.081839
1.081488
1.081136
1.080784
1.080431
1.080077
1.079722
1.079365
1.079009
1.078650
1.078290
1.077928
1.077565
1.077198
1.076831
1.076462
1.076093
1.075723
1.075352
1.074982
1.074610
1.074237
1.073860
1.073481
1.073102
1.072722
1.072342
1.071960
1.071578
1.071193
1.070808
1.070422
1.070035
1.069647
1.069258
1.068867
1.068476
1.068084
1.067692
1.067298
1.066904
1.066508
1.066111
1.065714
1.065316
1.064917
1.064517
1.064118
1.063715
1.063312
1.062909
1.062504
1.062098
1.061690
1.061281
1.060872
1.060462
1.060052
1.059640
1.059226
1.058811
1.058397
1.057981
1.057565
1.057149
1.056732
1.056315
1.055897
1.055479
1.055059
1.054638
1.054217
1.053796
1.053374
1.052952
1.052529
1.052106
1.051681
1.051256
1.050830
1.050401
1.049972
1.049542
1.049112
1.048681
1.048250
1.047818
1.047385
1.046951
1.046517
1.046083
1.045647
1.045211
1.044774
1.044336
1.043898
1.043460
1.043022
1.042583
1.042144
1.041705
1.041265
1.040825
1.040384
1.039942
1.039500
1.039058
1.038616
1.038172
1.037728
1.037283
1.036837
1.036391
1.035945
1.035498
1.035050
1.034601
1.034152
1.033702
1.033252
1.032801
1.032349
1.031896
1.031444
1.030992
1.030538
1.030084
1.029630
1.029174
1.028718
1.028261
1.027804
1.027347
1.026888
1.026430
1.025970
1.025511
1.025051
1.024590
1.024129
1.023668
1.023207
1.022745
1.022281
1.021817
1.021353
1.020888
1.020423
1.019957
1.019490
1.019023
1.018556
1.018087
1.017618
1.017148
1.016677
1.016207
1.015736
1.015264
1.014792
1.014318
1.013844
1.013370
1.012895
1.012420
1.011944
1.011469
1.010993
1.010515
1.010037
1.009558
1.009079
1.008599
1.008119
1.007637
1.007156
1.006673
1.006190
1.005707
1.005224
1.004739
1.004254
1.003769
1.003283
1.002796
1.002308
1.001820
1.001331
1.000842
1.000352
0.999862
0.999371
0.998880
0.998388
0.997896
0.997403
0.996910
0.996417
0.995924
0.995430
0.994937
0.994442
0.993947
0.993452
0.992957
0.992461
0.991964
0.991468
0.990970
0.990472
0.989973
0.989474
0.988973
0.988472
0.987970
0.987469
0.986967
0.986465
0.985961
0.985458
0.984953
0.984448
0.983943
0.983437
0.982930
0.982422
0.981914
0.981404
0.980895
0.980386
0.979876
0.979365
0.978854
0.978343
0.977831
0.977317
0.976802
0.976288
0.975773
0.975257
0.974742
0.974224
0.973707
0.973188
0.972669
0.972149
0.971629
0.971108
0.970587
0.970066
0.969542
0.969018
0.968494
0.967969
0.967445
0.966919
0.966393
0.965867
0.965340
0.964812
0.964284
0.963755
0.963226
0.962696
0.962166
0.961636
0.961105
0.960572
0.960037
0.959502
0.958967
0.958432
0.957896
0.957359
0.956822
0.956286
0.955748
0.955211
0.954673
0.954134
0.953596
0.953056
0.952516
0.951974
0.951432
0.950890
0.950346
0.949802
0.949258
0.948714
0.948169
0.947624
0.947078
0.946531
0.945985
0.945438
0.944891
0.944342
0.943794
0.943245
0.942695
0.942145
0.941594
0.941043
0.940491
0.939940
0.939388
0.938835
0.938281
0.937726
0.937172
0.936617
0.936062
0.935506
0.934951
0.934394
0.933837
0.933280
0.932723
0.932165
0.931606
0.931046
0.930486
0.929925
0.929364
0.928803
0.928241
0.927679
0.927117
0.926554
0.925990
0.925427
0.924862
0.924297
0.923731
0.923164
0.922598
0.922030
0.921463
0.920894
0.920324
0.919754
0.919183
0.918612
0.918040
0.917468
0.916896
0.916324
0.915751
0.915175
0.914599
0.914023
0.913446
0.912868
0.912290
0.911711
0.911133
0.910554
0.909973
0.909392
0.908810
0.908227
0.907644
0.907061
0.906476
0.905892
0.905307
0.904723
0.904138
0.903552
0.902967
0.902381
0.901795
0.901208
0.900620
0.900033
0.899444
0.898855
0.898265
0.897674
0.897083
0.896490
0.895897
0.895303
0.894710
0.894115
0.893520
0.892925
0.892328
0.891731
0.891133
0.890534
0.889935
0.889335
0.888736
0.888136
0.887536
0.886935
0.886334
0.885732
0.885129
0.884526
0.883923
0.883320
0.882716
0.882111
0.881505
0.880900
0.880293
0.879686
0.879079
0.878471
0.877863
0.877254
0.876644
0.876034
0.875423
0.874811
0.874199
0.873586
0.872973
0.872360
0.871745
0.871130
0.870515
0.869899
0.869283
0.868667
0.868051
0.867432
0.866813
0.866193
0.865573
0.864953
0.864332
0.863710
0.863088
0.862466
0.861842
0.861219
0.860594
0.859969
0.859343
0.858717
0.858090
0.857462
0.856834
0.856206
0.855577
0.854948
0.854318
0.853687
0.853055
0.852423
0.851791
0.851158
0.850525
0.849891
0.849258
0.848623
0.847988
0.847352
0.846716
0.846079
0.845442
0.844804
0.844166
0.843528
0.842890
0.842251
0.841611
0.840972
0.840331
0.839690
0.839049
0.838408
0.837765
0.837123
0.836479
0.835834
0.835188
0.834541
0.833894
0.833245
0.832596
0.831945
0.831294
0.830642
0.829991
0.829339
0.828686
0.828032
0.827379
0.826725
0.826070
0.825416
0.824761
0.824105
0.823449
0.822792
0.822134
0.821475
0.820816
0.820156
0.819495
0.818832
0.818170
0.817506
0.816842
0.816177
0.815512
0.814847
0.814181
0.813514
0.812847
0.812179
0.811511
0.810843
0.810173
0.809503
0.808833
0.808163
0.807492
0.806821
0.806149
0.805475
0.804801
0.804127
0.803452
0.802777
0.802101
0.801424
0.800746
0.800067
0.799386
0.798704
0.798022
0.797339
0.796657
0.795974
0.795290
0.794607
0.793922
0.793237
0.792552
0.791866
0.791180
0.790494
0.789807
0.789119
0.788432
0.787743
0.787054
0.786365
0.785675
0.784984
0.784293
0.783601
0.782909
0.782216
0.781523
0.780829
0.780135
0.779440
0.778744
0.778046
0.777349
0.776651
0.775952
0.775252
0.774553
0.773853
0.773152
0.772451
0.771748
0.771044
0.770339
0.769634
0.768929
0.768222
0.767515
0.766807
0.766098
0.765389
0.764679
0.763969
0.763258
0.762546
0.761833
0.761121
0.760408
0.759693
0.758978
0.758262
0.757546
0.756829
0.756112
0.755392
0.754673
0.753953
0.753231
0.752508
0.751785
0.751060
0.750336
0.749611
0.748885
0.748159
0.747432
0.746704
0.745975
0.745245
0.744515
0.743784
0.743052
0.742321
0.741588
0.740856
0.740122
0.739387
0.738651
0.737915
0.737178
0.736440
0.735701
0.734961
0.734221
0.733479
0.732735
0.731991
0.731246
0.730499
0.729753
0.729005
0.728256
0.727506
0.726755
0.726003
0.725251
0.724498
0.723745
0.722991
0.722238
0.721483
0.720726
0.719970
0.719212
0.718455
0.717697
0.716937
0.716177
0.715415
0.714653
0.713891
0.713128
0.712365
0.711601
0.710837
0.710072
0.709307
0.708541
0.707774
0.707006
0.706239
0.705469
0.704699
0.703928
0.703157
0.702385
0.701612
0.700837
0.700061
0.699284
0.698506
0.697727
0.696949
0.696167
0.695386
0.694603
0.693821
0.693037
0.692254
0.691468
0.690681
0.689894
0.689105
0.688315
0.687524
0.686733
0.685942
0.685150
0.684356
0.683562
0.682765
0.681967
0.681167
0.680367
0.679566
0.678765
0.677962
0.677159
0.676355
0.675550
0.674744
0.673938
0.673131
0.672322
0.671514
0.670704
0.669894
0.669082
0.668269
0.667456
0.666641
0.665826
0.665010
0.664191
0.663373
0.662555
0.661734
0.660912
0.660089
0.659265
0.658441
0.657616
0.656789
0.655962
0.655133
0.654303
0.653472
0.652640
0.651807
0.650974
0.650140
0.649305
0.648468
0.647629
0.646790
0.645949
0.645108
0.644267
0.643426
0.642583
0.641739
0.640893
0.640046
0.639196
0.638346
0.637494
0.636642
0.635789
0.634936
0.634082
0.633227
0.632370
0.631510
0.630651
0.629791
0.628930
0.628067
0.627202
0.626337
0.625472
0.624606
0.623740
0.622872
0.622001
0.621129
0.620257
0.619383
0.618508
0.617631
0.616753
0.615873
0.614993
0.614111
0.613229
0.612345
0.611460
0.610574
0.609686
0.608797
0.607908
0.607017
0.606126
0.605234
0.604341
0.603445
0.602548
0.601649
0.600749
0.599848
0.598945
0.598042
0.597136
0.596230
0.595322
0.594413
0.593503
0.592591
0.591679
0.590766
0.589850
0.588935
0.588018
0.587102
0.586184
0.585264
0.584343
0.583421
0.582498
0.581573
0.580648
0.579721
0.578792
0.577863
0.576932
0.576000
0.575066
0.574132
0.573197
0.572261
0.571323
0.570384
0.569444
0.568503
0.567557
0.566611
0.565663
0.564715
0.563766
0.562815
0.561865
0.560911
0.559956
0.558998
0.558038
0.557078
0.556113
0.555148
0.554179
0.553210
0.552240
0.551269
0.550297
0.549324
0.548350
0.547374
0.546397
0.545419
0.544440
0.543459
0.542475
0.541491
0.540504
0.539515
0.538524
0.537531
0.536537
0.535541
0.534545
0.533546
0.532546
0.531546
0.530542
0.529535
0.528527
0.527517
0.526505
0.525493
0.524480
0.523461
0.522443
0.521423
0.520402
0.519377
0.518349
0.517317
0.516284
0.515251
0.514213
0.513175
0.512135
0.511094
0.510050
0.509005
0.507959
0.506909
0.505859
0.504805
0.503750
0.502695
0.501637
0.500577
0.499518
0.498457
0.497394
0.496328
0.495261
0.494192
0.493121
0.492048
0.490973
0.489896
0.488817
0.487736
0.486655
0.485572
0.484486
0.483400
0.482309
0.481214
0.480116
0.479018
0.477917
0.476814
0.475708
0.474602
0.473493
0.472383
0.471271
0.470157
0.469039
0.467920
0.466797
0.465673
0.464549
0.463421
0.462290
0.461155
0.460020
0.458882
0.457743
0.456602
0.455458
0.454312
0.453165
0.452015
0.450861
0.449706
0.448549
0.447389
0.446227
0.445062
0.443896
0.442726
0.441554
0.440377
0.439199
0.438017
0.436833
0.435645
0.434455
0.433261
0.432064
0.430864
0.429661
0.428458
0.427253
0.426046
0.424836
0.423625
0.422411
0.421194
0.419975
0.418755
0.417531
0.416306
0.415075
0.413839
0.412600
0.411360
0.410119
0.408876
0.407630
0.406373
0.405114
0.403851
0.402585
0.401318
0.400045
0.398769
0.397486
0.396202
0.394914
0.393625
0.392336
0.391045
0.389751
0.388455
0.387150
0.385844
0.384535
0.383220
0.381903
0.380584
0.379260
0.377933
0.376600
0.375266
0.373929
0.372589
0.371244
0.369890
0.368532
0.367170
0.365805
0.364433
0.363058
0.361678
0.360294
0.358910
0.357520
0.356125
0.354726
0.353326
0.351920
0.350511
0.349098
0.347681
0.346262
0.344837
0.343407
0.341975
0.340539
0.339092
0.337637
0.336183
0.334724
0.333260
0.331792
0.330321
0.328847
0.327366
0.325874
0.324376
0.322877
0.321373
0.319859
0.318343
0.316824
0.315301
0.313776
0.312248
0.310711
0.309168
0.307617
0.306064
0.304501
0.302934
0.301360
0.299784
0.298199
0.296609
0.295014
0.293409
0.291801
0.290190
0.288570
0.286942
0.285304
0.283661
0.282009
0.280348
0.278687
0.277016
0.275336
0.273651
0.271956
0.270261
0.268557
0.266838
0.265111
0.263378
0.261638
0.259885
0.258126
0.256361
0.254582
0.252797
0.251005
0.249205
0.247397
0.245583
0.243754
0.241922
0.240075
0.238219
0.236346
0.234468
0.232576
0.230661
0.228741
0.226804
0.224862
0.222909
0.220947
0.218978
0.216986
0.214984
0.212979
0.210960
0.208924
0.206863
0.204797
0.202714
0.200617
0.198502
0.196371
0.194228
0.192084
0.189906
0.187721
0.185514
0.183283
0.181028
0.178759
0.176469
0.174139
0.171799
0.169432
0.167050
0.164602
0.162141
0.159639
0.157106
0.154558
0.151967
0.149346
0.146649
0.143932
0.141143
0.138310
0.135429
0.132459
0.129475
0.126408
0.123244
0.119917
0.116412
0.112837
0.109050
0.104733
0.100000
