1.100000
1.098249
1.096489
1.094314
1.092084
1.089620
1.087136
1.084435
1.081723
1.079002
1.076209
1.073343
1.070445
1.067481
1.064477
1.061454
1.058399
1.055303
1.052182
1.049044
1.045881
1.042708
1.039529
1.036329
1.033071
1.029779
1.026467
1.023138
1.019796
1.016396
1.012985
1.009508
1.006030
1.002551
0.999060
0.995553
0.991988
0.988330
0.984639
0.980939
0.977196
0.973450
0.969669
0.965874
0.962001
0.958117
0.954204
0.950210
0.946192
0.942155
0.938080
0.933995
0.929863
0.925697
0.921437
0.917107
0.912732
0.908331
0.903843
0.899313
0.894755
0.890164
0.885561
0.880826
0.876074
0.871303
0.866520
0.861661
0.856788
0.851884
0.846947
0.841966
0.836965
0.831827
0.826652
0.821400
0.816124
0.810826
0.805489
0.800142
0.794730
0.789306
0.783850
0.778382
0.772846
0.767272
0.761631
0.755968
0.750282
0.744537
0.738730
0.732772
0.726751
0.720581
0.714387
0.708153
0.701886
0.695576
0.689207
0.682771
0.676276
0.669717
0.663154
0.656513
0.649757
0.642889
0.635991
0.629021
0.621937
0.614810
0.607449
0.600002
0.592488
0.584901
0.577199
0.569430
0.561440
0.553301
0.545050
0.536620
0.528179
0.519724
0.511214
0.502611
0.493969
0.485209
0.476189
0.467077
0.457754
0.448336
0.438854
0.429021
0.419062
0.408573
0.397847
0.386771
0.375404
0.363645
0.351538
0.339207
0.326302
0.313236
0.300004
0.286024
0.271532
0.256660
0.241625
0.226348
0.209364
0.190747
0.171131
0.149854
0.126795
0.100000
