1.100000
1.098113
1.095604
1.093005
1.090223
1.087414
1.084604
1.081652
1.078623
1.075587
1.072424
1.069127
1.065761
1.062346
1.058891
1.055374
1.051815
1.048200
1.044446
1.040562
1.036618
1.032631
1.028413
1.024162
1.019872
1.015552
1.011186
1.006805
1.002392
0.997930
0.993435
0.988919
0.984395
0.979841
0.975277
0.970659
0.965985
0.961284
0.956551
0.951795
0.946990
0.942126
0.937238
0.932326
0.927280
0.922184
0.917017
0.911681
0.906313
0.900885
0.895338
0.889708
0.883969
0.878172
0.872295
0.866333
0.860297
0.854114
0.847868
0.841584
0.835268
0.828900
0.822419
0.815835
0.809229
0.802558
0.795863
0.789045
0.782047
0.774997
0.767860
0.760598
0.753056
0.745498
0.737873
0.729972
0.721892
0.713759
0.705473
0.697031
0.688524
0.679941
0.671182
0.662335
0.653378
0.644340
0.635252
0.626066
0.616443
0.606268
0.595915
0.585375
0.574729
0.563859
0.552939
0.541931
0.530757
0.518721
0.506323
0.493649
0.480931
0.468115
0.454818
0.441092
0.426700
0.411872
0.396664
0.380678
0.364169
0.347299
0.329746
0.310031
0.288902
0.267470
0.245465
0.220678
0.194753
0.166452
0.135329
0.100000
