1.100000
1.097219
1.094037
1.090850
1.087584
1.084235
1.080757
1.076961
1.072974
1.068827
1.064625
1.060363
1.056030
1.051598
1.047111
1.042279
1.037291
1.032177
1.027047
1.021778
1.016466
1.011081
1.005660
1.000181
0.994578
0.988915
0.983106
0.977158
0.971183
0.965172
0.959116
0.952988
0.946707
0.940354
0.933910
0.927358
0.920578
0.913746
0.906792
0.899791
0.892690
0.885385
0.878050
0.870569
0.863017
0.855419
0.847488
0.839356
0.831000
0.822446
0.813788
0.805009
0.795633
0.786176
0.776571
0.766832
0.756970
0.746845
0.736628
0.726292
0.715697
0.704721
0.693443
0.682067
0.670470
0.658500
0.646023
0.633212
0.619711
0.605942
0.591945
0.577386
0.562714
0.547611
0.532169
0.516460
0.499823
0.483104
0.464891
0.446185
0.426893
0.407157
0.387050
0.365703
0.343429
0.319275
0.294482
0.269242
0.242883
0.214160
0.180452
0.142849
0.100000
