1.100000
1.097755
1.095120
1.092412
1.089575
1.086604
1.083579
1.080536
1.077455
1.074365
1.071245
1.068077
1.064875
1.061648
1.058407
1.055148
1.051827
1.048469
1.045104
1.041661
1.038194
1.034698
1.031142
1.027575
1.024001
1.020413
1.016736
1.013029
1.009289
1.005536
1.001733
0.997908
0.994021
0.990074
0.986120
0.982144
0.978105
0.974016
0.969923
0.965755
0.961564
0.957361
0.953138
0.948896
0.944639
0.940324
0.935980
0.931604
0.927225
0.922796
0.918350
0.913892
0.909402
0.904870
0.900320
0.895726
0.891098
0.886433
0.881701
0.876965
0.872148
0.867204
0.862229
0.857225
0.852105
0.846970
0.841776
0.836564
0.831344
0.826050
0.820716
0.815346
0.809919
0.804478
0.798952
0.793370
0.787704
0.782004
0.776224
0.770407
0.764528
0.758623
0.752660
0.746644
0.740581
0.734458
0.728251
0.721961
0.715651
0.709315
0.702941
0.696554
0.690111
0.683652
0.677148
0.670594
0.663964
0.657272
0.650563
0.643815
0.636997
0.630160
0.623275
0.616238
0.609171
0.601946
0.594626
0.587236
0.579750
0.572120
0.564477
0.556704
0.548837
0.540925
0.532897
0.524806
0.516576
0.508069
0.499323
0.490358
0.481123
0.471739
0.462124
0.451934
0.441740
0.431455
0.421121
0.410470
0.399456
0.387854
0.375984
0.363969
0.351683
0.339151
0.326126
0.312791
0.299339
0.285630
0.271253
0.256420
0.240764
0.225037
0.208046
0.190157
0.170963
0.150110
0.126793
0.100000
