1.100000
1.097945
1.095749
1.093466
1.091008
1.088547
1.085921
1.083275
1.080578
1.077860
1.075082
1.072263
1.069437
1.066553
1.063654
1.060746
1.057780
1.054780
1.051737
1.048676
1.045518
1.042322
1.039104
1.035846
1.032550
1.029233
1.025878
1.022510
1.019112
1.015672
1.012097
1.008503
1.004837
1.001136
0.997397
0.993652
0.989805
0.985942
0.982071
0.978180
0.974277
0.970334
0.966375
0.962369
0.958343
0.954306
0.950247
0.946158
0.942046
0.937924
0.933749
0.929528
0.925300
0.921048
0.916770
0.912476
0.908146
0.903805
0.899415
0.894998
0.890567
0.886071
0.881565
0.877026
0.872442
0.867684
0.862859
0.858016
0.853151
0.848175
0.843159
0.838083
0.832960
0.827822
0.822611
0.817362
0.812078
0.806782
0.801408
0.795993
0.790558
0.785102
0.779566
0.773980
0.768379
0.762705
0.756917
0.751087
0.745198
0.739275
0.733281
0.727222
0.721124
0.714990
0.708809
0.702573
0.696231
0.689850
0.683403
0.676943
0.670451
0.663823
0.657179
0.650461
0.643598
0.636631
0.629599
0.622464
0.615250
0.608007
0.600735
0.593428
0.586004
0.578503
0.570900
0.563019
0.554968
0.546909
0.538826
0.530545
0.522262
0.513781
0.505200
0.496469
0.487493
0.478451
0.469301
0.459929
0.450311
0.440657
0.430606
0.420252
0.409517
0.398738
0.387680
0.376455
0.364880
0.353298
0.341459
0.329264
0.316880
0.304375
0.291628
0.278525
0.264187
0.249415
0.233679
0.216981
0.199960
0.182935
0.164714
0.145792
0.125057
0.100000
