1.100000
1.098360
1.096692
1.094649
1.092574
1.090328
1.088079
1.085815
1.083411
1.080995
1.078525
1.075968
1.073388
1.070758
1.068072
1.065356
1.062637
1.059910
1.057166
1.054391
1.051547
1.048688
1.045776
1.042853
1.039928
1.036991
1.034008
1.030953
1.027867
1.024770
1.021672
1.018558
1.015426
1.012273
1.009113
1.005915
1.002603
0.999259
0.995911
0.992552
0.989160
0.985712
0.982211
0.978685
0.975130
0.971565
0.967941
0.964256
0.960535
0.956792
0.953027
0.949245
0.945452
0.941646
0.937822
0.933964
0.930085
0.926201
0.922247
0.918289
0.914240
0.910163
0.906080
0.901983
0.897807
0.893598
0.889382
0.885058
0.880656
0.876248
0.871806
0.867352
0.862845
0.858336
0.853745
0.849130
0.844450
0.839704
0.834863
0.829995
0.825073
0.820120
0.815133
0.810141
0.805065
0.799986
0.794866
0.789694
0.784508
0.779305
0.774062
0.768802
0.763502
0.758177
0.752832
0.747442
0.742008
0.736527
0.731020
0.725478
0.719884
0.714268
0.708624
0.702887
0.697091
0.691234
0.685360
0.679405
0.673361
0.667296
0.661200
0.655035
0.648824
0.642577
0.636267
0.629909
0.623344
0.616771
0.610150
0.603450
0.596693
0.589835
0.582967
0.575950
0.568910
0.561817
0.554618
0.547357
0.540094
0.532749
0.525396
0.517932
0.510325
0.502593
0.494819
0.486959
0.478956
0.470843
0.462687
0.454377
0.445999
0.437565
0.428995
0.420222
0.411423
0.402460
0.393490
0.384091
0.374617
0.365044
0.355358
0.345382
0.335124
0.324863
0.314429
0.303720
0.292564
0.281052
0.269373
0.257423
0.245184
0.232421
0.219382
0.205022
0.189650
0.173864
0.157377
0.140324
0.121869
0.100000
