1.100000
1.098117
1.095444
1.091981
1.088511
1.084968
1.081352
1.077601
1.073746
1.069665
1.065366
1.061060
1.056749
1.052312
1.047805
1.043227
1.038572
1.033903
1.029072
1.024191
1.019281
1.014329
1.009235
1.004131
0.998999
0.993611
0.988169
0.982680
0.977151
0.971592
0.965961
0.960226
0.954170
0.948071
0.941933
0.935768
0.929558
0.923293
0.917003
0.910580
0.904065
0.897488
0.890892
0.884191
0.877456
0.870605
0.863598
0.856518
0.849361
0.842148
0.834855
0.827458
0.820038
0.812594
0.805133
0.797539
0.789931
0.782194
0.774217
0.766180
0.757980
0.749746
0.741339
0.732866
0.724329
0.715536
0.706498
0.697438
0.688336
0.679089
0.669770
0.660289
0.650654
0.641003
0.630987
0.620868
0.610567
0.600006
0.589242
0.578272
0.567103
0.555834
0.544427
0.532883
0.521181
0.509399
0.497449
0.485073
0.472490
0.459868
0.447075
0.433741
0.420008
0.406233
0.391889
0.377374
0.362605
0.347489
0.331702
0.315605
0.299090
0.280976
0.262512
0.242708
0.222576
0.201626
0.180072
0.155872
0.130566
0.100000
