1.100000
1.097616
1.095058
1.092289
1.089506
1.086685
1.083793
1.080880
1.077868
1.074792
1.071689
1.068425
1.065107
1.061645
1.058106
1.054526
1.050945
1.047212
1.043428
1.039619
1.035755
1.031829
1.027883
1.023882
1.019847
1.015721
1.011561
1.007345
1.003090
0.998640
0.994173
0.989640
0.984989
0.980273
0.975527
0.970747
0.965916
0.961013
0.956063
0.951106
0.946122
0.941100
0.936047
0.930975
0.925886
0.920767
0.915594
0.910379
0.905048
0.899642
0.894170
0.888660
0.883047
0.877314
0.871528
0.865628
0.859694
0.853729
0.847756
0.841673
0.835447
0.829208
0.822905
0.816592
0.810193
0.803778
0.797259
0.790667
0.784024
0.777313
0.770499
0.763638
0.756680
0.749529
0.742309
0.734939
0.727403
0.719833
0.712243
0.704462
0.696627
0.688764
0.680858
0.672745
0.664506
0.656264
0.647893
0.639423
0.630730
0.621926
0.613000
0.603988
0.594955
0.585821
0.576606
0.567101
0.557325
0.547372
0.537387
0.527281
0.516894
0.506276
0.495408
0.484489
0.473207
0.461730
0.450208
0.438487
0.425990
0.413376
0.400450
0.387426
0.373984
0.360231
0.346264
0.331350
0.316147
0.299393
0.282255
0.264536
0.246255
0.226406
0.206252
0.183124
0.157799
0.129263
0.100000
