1.100000
1.099720
1.099415
1.099096
1.098753
1.098398
1.098036
1.097658
1.097271
1.096874
1.096451
1.096018
1.095583
1.095141
1.094694
1.094244
1.093785
1.093324
1.092853
1.092365
1.091866
1.091359
1.090850
1.090333
1.089815
1.089273
1.088732
1.088170
1.087605
1.087032
1.086457
1.085881
1.085281
1.084679
1.084075
1.083467
1.082860
1.082242
1.081620
1.080993
1.080366
1.079731
1.079093
1.078450
1.077802
1.077152
1.076502
1.075843
1.075166
1.074489
1.073804
1.073118
1.072429
1.071738
1.071045
1.070350
1.069653
1.068956
1.068257
1.067552
1.066844
1.066132
1.065417
1.064700
1.063979
1.063256
1.062534
1.061810
1.061087
1.060361
1.059633
1.058901
1.058168
1.057434
1.056698
1.055962
1.055225
1.054487
1.053744
1.052999
1.052253
1.051503
1.050743
1.049978
1.049209
1.048436
1.047661
1.046884
1.046106
1.045327
1.044546
1.043764
1.042980
1.042191
1.041399
1.040607
1.039813
1.039014
1.038211
1.037406
1.036600
1.035790
1.034979
1.034167
1.033355
1.032541
1.031724
1.030904
1.030083
1.029260
1.028437
1.027612
1.026778
1.025943
1.025104
1.024257
1.023398
1.022538
1.021674
1.020807
1.019937
1.019066
1.018193
1.017312
1.016431
1.015546
1.014658
1.013768
1.012875
1.011980
1.011085
1.010186
1.009288
1.008387
1.007483
1.006579
1.005674
1.004767
1.003854
1.002939
1.002023
1.001102
1.000180
0.999254
0.998326
0.997395
0.996465
0.995531
0.994597
0.993656
0.992712
0.991768
0.990822
0.989875
0.988926
0.987976
0.987024
0.986072
0.985118
0.984161
0.983202
0.982240
0.981275
0.980310
0.979340
0.978368
0.977393
0.976417
0.975434
0.974444
0.973452
0.972457
0.971458
0.970456
0.969454
0.968450
0.967444
0.966435
0.965422
0.964405
0.963388
0.962368
0.961346
0.960323
0.959299
0.958274
0.957244
0.956211
0.955175
0.954134
0.953092
0.952045
0.950996
0.949947
0.948896
0.947844
0.946792
0.945733
0.944674
0.943615
0.942553
0.941490
0.940424
0.939355
0.938284
0.937212
0.936138
0.935062
0.933984
0.932906
0.931826
0.930744
0.929659
0.928572
0.927484
0.926392
0.925298
0.924203
0.923106
0.922008
0.920907
0.919807
0.918698
0.917587
0.916475
0.915363
0.914247
0.913129
0.912011
0.910889
0.909765
0.908635
0.907502
0.906363
0.905223
0.904081
0.902936
0.901789
0.900640
0.899487
0.898330
0.897173
0.896016
0.894857
0.893695
0.892532
0.891367
0.890202
0.889033
0.887861
0.886686
0.885511
0.884332
0.883148
0.881961
0.880771
0.879580
0.878386
0.877185
0.875981
0.874777
0.873570
0.872362
0.871152
0.869941
0.868729
0.867515
0.866296
0.865075
0.863851
0.862626
0.861395
0.860163
0.858928
0.857689
0.856449
0.855207
0.853965
0.852720
0.851475
0.850227
0.848976
0.847724
0.846470
0.845215
0.843954
0.842691
0.841428
0.840164
0.838895
0.837625
0.836354
0.835082
0.833803
0.832517
0.831230
0.829942
0.828653
0.827361
0.826068
0.824763
0.823457
0.822143
0.820829
0.819512
0.818189
0.816866
0.815536
0.814206
0.812874
0.811540
0.810204
0.808866
0.807525
0.806182
0.804832
0.803481
0.802128
0.800773
0.799416
0.798056
0.796691
0.795324
0.793953
0.792581
0.791202
0.789819
0.788432
0.787044
0.785654
0.784263
0.782868
0.781466
0.780062
0.778656
0.777246
0.775833
0.774419
0.773001
0.771582
0.770161
0.768736
0.767310
0.765879
0.764447
0.763010
0.761570
0.760128
0.758683
0.757237
0.755786
0.754332
0.752875
0.751416
0.749943
0.748469
0.746988
0.745502
0.744013
0.742519
0.741024
0.739525
0.738024
0.736517
0.735006
0.733493
0.731976
0.730451
0.728926
0.727395
0.725863
0.724329
0.722792
0.721254
0.719712
0.718168
0.716619
0.715067
0.713510
0.711949
0.710383
0.708810
0.707237
0.705659
0.704075
0.702487
0.700894
0.699296
0.697696
0.696095
0.694487
0.692866
0.691242
0.689612
0.687978
0.686340
0.684700
0.683055
0.681407
0.679748
0.678083
0.676415
0.674741
0.673067
0.671388
0.669703
0.668004
0.666302
0.664596
0.662886
0.661176
0.659463
0.657743
0.656021
0.654292
0.652561
0.650827
0.649083
0.647338
0.645585
0.643828
0.642066
0.640301
0.638523
0.636741
0.634953
0.633156
0.631351
0.629542
0.627729
0.625906
0.624079
0.622248
0.620408
0.618565
0.616716
0.614866
0.613009
0.611150
0.609287
0.607418
0.605545
0.603669
0.601785
0.599900
0.598009
0.596112
0.594210
0.592299
0.590385
0.588461
0.586532
0.584592
0.582648
0.580703
0.578752
0.576786
0.574818
0.572848
0.570872
0.568883
0.566888
0.564882
0.562875
0.560850
0.558825
0.556795
0.554761
0.552725
0.550676
0.548625
0.546566
0.544503
0.542431
0.540356
0.538277
0.536193
0.534103
0.532005
0.529896
0.527782
0.525652
0.523517
0.521373
0.519224
0.517049
0.514867
0.512679
0.510489
0.508286
0.506080
0.503861
0.501636
0.499394
0.497135
0.494848
0.492554
0.490254
0.487950
0.485625
0.483300
0.480967
0.478626
0.476283
0.473906
0.471521
0.469122
0.466688
0.464249
0.461793
0.459330
0.456863
0.454389
0.451908
0.449408
0.446894
0.444358
0.441809
0.439247
0.436626
0.434002
0.431362
0.428714
0.426006
0.423280
0.420531
0.417772
0.414985
0.412180
0.409367
0.406537
0.403704
0.400847
0.397982
0.395110
0.392204
0.389269
0.386311
0.383324
0.380316
0.377299
0.374269
0.371216
0.368134
0.365029
0.361903
0.358753
0.355591
0.352404
0.349198
0.345921
0.342633
0.339298
0.335949
0.332553
0.329148
0.325692
0.322175
0.318647
0.315096
0.311476
0.307839
0.304166
0.300431
0.296655
0.292845
0.289026
0.285159
0.281230
0.277196
0.273117
0.269016
0.264856
0.260612
0.256327
0.252021
0.247666
0.243206
0.238705
0.234142
0.229542
0.224764
0.219950
0.214967
0.209882
0.204617
0.199263
0.193754
0.188005
0.182147
0.176031
0.169813
0.163486
0.156914
0.150124
0.142987
0.135583
0.127806
0.119451
0.110332
0.100000
