1.100000
1.098729
1.097447
1.096134
1.094752
1.093314
1.091670
1.089933
1.088185
1.086328
1.084376
1.082415
1.080349
1.078275
1.076162
1.073957
1.071712
1.069453
1.067185
1.064875
1.062551
1.060209
1.057863
1.055490
1.053102
1.050696
1.048286
1.045857
1.043421
1.040949
1.038443
1.035922
1.033396
1.030864
1.028326
1.025773
1.023179
1.020538
1.017895
1.015237
1.012559
1.009874
1.007164
1.004438
1.001703
0.998955
0.996199
0.993414
0.990612
0.987762
0.984907
0.982047
0.979179
0.976298
0.973409
0.970512
0.967609
0.964688
0.961751
0.958802
0.955839
0.952851
0.949844
0.946832
0.943794
0.940741
0.937683
0.934586
0.931480
0.928368
0.925233
0.922096
0.918933
0.915744
0.912547
0.909324
0.906078
0.902810
0.899496
0.896165
0.892826
0.889478
0.886108
0.882715
0.879314
0.875886
0.872447
0.868999
0.865544
0.862073
0.858568
0.855057
0.851523
0.847965
0.844405
0.840841
0.837266
0.833663
0.830036
0.826396
0.822747
0.819094
0.815414
0.811721
0.808013
0.804296
0.800548
0.796786
0.793013
0.789233
0.785446
0.781641
0.777820
0.773969
0.770107
0.766225
0.762336
0.758444
0.754516
0.750578
0.746587
0.742573
0.738534
0.734464
0.730374
0.726267
0.722150
0.717994
0.713836
0.709674
0.705495
0.701296
0.697083
0.692806
0.688521
0.684204
0.679865
0.675525
0.671170
0.666803
0.662407
0.657968
0.653500
0.649023
0.644534
0.640025
0.635465
0.630900
0.626316
0.621714
0.617081
0.612413
0.607718
0.602954
0.598165
0.593375
0.588581
0.583729
0.578846
0.573947
0.569000
0.564020
0.559027
0.553979
0.548906
0.543830
0.538718
0.533594
0.528410
0.523205
0.517951
0.512674
0.507392
0.502083
0.496723
0.491348
0.485947
0.480520
0.475058
0.469537
0.463978
0.458401
0.452788
0.447022
0.441245
0.435395
0.429440
0.423431
0.417380
0.411235
0.405078
0.398894
0.392618
0.386333
0.379978
0.373432
0.366880
0.360248
0.353537
0.346769
0.339921
0.332956
0.325906
0.318768
0.311536
0.303996
0.296390
0.288712
0.280850
0.272973
0.264895
0.256692
0.248373
0.239996
0.231481
0.222463
0.213243
0.203851
0.194324
0.184404
0.174200
0.163709
0.152756
0.140747
0.128291
0.115271
0.100000
