1.100000
1.098637
1.097146
1.095625
1.094050
1.092250
1.090446
1.088584
1.086694
1.084527
1.082276
1.079959
1.077627
1.075294
1.072955
1.070609
1.068249
1.065838
1.063418
1.060978
1.058520
1.056023
1.053515
1.050951
1.048380
1.045808
1.043224
1.040625
1.038011
1.035392
1.032762
1.030095
1.027421
1.024738
1.022032
1.019307
1.016552
1.013787
1.011013
1.008222
1.005375
1.002512
0.999647
0.996777
0.993894
0.991002
0.988095
0.985179
0.982259
0.979322
0.976374
0.973400
0.970411
0.967404
0.964365
0.961303
0.958235
0.955148
0.952031
0.948909
0.945775
0.942625
0.939444
0.936261
0.933045
0.929827
0.926605
0.923367
0.920122
0.916860
0.913586
0.910295
0.906993
0.903685
0.900365
0.897011
0.893638
0.890235
0.886818
0.883392
0.879954
0.876453
0.872927
0.869380
0.865818
0.862245
0.858655
0.855049
0.851418
0.847781
0.844133
0.840455
0.836742
0.833021
0.829290
0.825525
0.821747
0.817937
0.814098
0.810255
0.806409
0.802545
0.798662
0.794729
0.790781
0.786808
0.782821
0.778783
0.774711
0.770618
0.766507
0.762385
0.758231
0.754072
0.749899
0.745720
0.741522
0.737315
0.733090
0.728841
0.724579
0.720316
0.716034
0.711708
0.707377
0.703023
0.698662
0.694284
0.689880
0.685457
0.681003
0.676510
0.671994
0.667465
0.662900
0.658333
0.653721
0.649085
0.644372
0.639655
0.634896
0.630125
0.625329
0.620494
0.615643
0.610773
0.605885
0.600972
0.596054
0.591090
0.586094
0.581061
0.575994
0.570899
0.565764
0.560625
0.555466
0.550280
0.545048
0.539775
0.534476
0.529164
0.523823
0.518444
0.512983
0.507508
0.502002
0.496461
0.490859
0.485236
0.479565
0.473810
0.467997
0.462143
0.456244
0.450296
0.444226
0.438074
0.431907
0.425611
0.419302
0.412850
0.406382
0.399822
0.393196
0.386496
0.379719
0.372913
0.366030
0.359033
0.351887
0.344613
0.337219
0.329681
0.322037
0.314272
0.306454
0.298543
0.290495
0.282394
0.274130
0.265671
0.256956
0.247950
0.238940
0.229635
0.220059
0.210311
0.200300
0.190065
0.179471
0.168333
0.156538
0.144415
0.130930
0.116353
0.100000
