1.100000
1.097695
1.095174
1.092580
1.089861
1.087127
1.084295
1.081355
1.078392
1.075329
1.072214
1.069052
1.065840
1.062607
1.059332
1.056015
1.052667
1.049302
1.045888
1.042453
1.038987
1.035516
1.031993
1.028421
1.024816
1.021178
1.017492
1.013781
1.010051
1.006315
1.002552
0.998745
0.994927
0.991071
0.987190
0.983279
0.979341
0.975380
0.971405
0.967429
0.963427
0.959410
0.955348
0.951258
0.947166
0.943045
0.938872
0.934663
0.930433
0.926175
0.921872
0.917547
0.913217
0.908813
0.904292
0.899769
0.895219
0.890650
0.886034
0.881396
0.876721
0.872025
0.867322
0.862602
0.857862
0.853084
0.848284
0.843461
0.838599
0.833689
0.828756
0.823780
0.818726
0.813659
0.808577
0.803439
0.798196
0.792912
0.787609
0.782290
0.776930
0.771541
0.766117
0.760643
0.755124
0.749548
0.743966
0.738332
0.732674
0.727014
0.721348
0.715656
0.709937
0.704149
0.698308
0.692445
0.686546
0.680561
0.674526
0.668423
0.662242
0.655986
0.649711
0.643413
0.637079
0.630690
0.624268
0.617824
0.611238
0.604620
0.597963
0.591286
0.584563
0.577832
0.571057
0.564231
0.557363
0.550437
0.543389
0.536237
0.528982
0.521595
0.514157
0.506643
0.498996
0.491301
0.483553
0.475691
0.467747
0.459723
0.451466
0.443160
0.434834
0.426378
0.417876
0.409200
0.400455
0.391590
0.382534
0.373348
0.364014
0.354517
0.344743
0.334846
0.324836
0.314544
0.304098
0.293460
0.282330
0.270975
0.259275
0.247455
0.235541
0.223273
0.210468
0.197454
0.183801
0.169381
0.153892
0.138106
0.120187
0.100000
