1.100000
1.098217
1.096353
1.094279
1.092093
1.089789
1.087165
1.084510
1.081532
1.078539
1.075509
1.072455
1.069378
1.066192
1.062980
1.059631
1.056125
1.052592
1.049008
1.045395
1.041755
1.038078
1.034381
1.030676
1.026955
1.023126
1.019286
1.015375
1.011424
1.007396
1.003336
0.999229
0.995100
0.990949
0.986725
0.982485
0.978208
0.973908
0.969545
0.965164
0.960751
0.956330
0.951855
0.947278
0.942658
0.938032
0.933340
0.928567
0.923770
0.918939
0.914099
0.909245
0.904291
0.899251
0.894201
0.889137
0.884033
0.878862
0.873660
0.868442
0.863198
0.857895
0.852520
0.847110
0.841700
0.836221
0.830700
0.825172
0.819578
0.813982
0.808365
0.802700
0.796947
0.791154
0.785260
0.779288
0.773263
0.767215
0.761146
0.755048
0.748905
0.742658
0.736377
0.729994
0.723553
0.717024
0.710476
0.703882
0.697275
0.690599
0.683862
0.677086
0.670216
0.663329
0.656366
0.649340
0.642287
0.635158
0.627973
0.620567
0.613126
0.605645
0.598140
0.590548
0.582929
0.575201
0.567420
0.559575
0.551677
0.543684
0.535591
0.527255
0.518891
0.510471
0.501965
0.493386
0.484755
0.476072
0.467068
0.458036
0.448904
0.439730
0.430410
0.420896
0.411112
0.401106
0.391018
0.380735
0.370372
0.359859
0.349251
0.338426
0.327052
0.315540
0.303693
0.291386
0.278554
0.265505
0.251927
0.237928
0.223550
0.208973
0.193768
0.177448
0.160346
0.142444
0.121956
0.100000
