1.100000
1.098547
1.096947
1.094915
1.092808
1.090572
1.088246
1.085880
1.083493
1.081081
1.078649
1.076202
1.073693
1.071146
1.068589
1.066011
1.063405
1.060766
1.058113
1.055420
1.052672
1.049920
1.047157
1.044374
1.041585
1.038787
1.035977
1.033146
1.030202
1.027220
1.024234
1.021235
1.018218
1.015155
1.012056
1.008952
1.005805
1.002627
0.999444
0.996259
0.993057
0.989843
0.986625
0.983372
0.980105
0.976829
0.973527
0.970197
0.966820
0.963425
0.960027
0.956612
0.953160
0.949669
0.946174
0.942665
0.939132
0.935590
0.932023
0.928452
0.924867
0.921278
0.917670
0.914050
0.910394
0.906703
0.902990
0.899270
0.895476
0.891665
0.887845
0.883999
0.880102
0.876192
0.872265
0.868226
0.864168
0.859982
0.855788
0.851570
0.847348
0.843074
0.838781
0.834483
0.830144
0.825769
0.821344
0.816885
0.812398
0.807896
0.803381
0.798851
0.794270
0.789666
0.785039
0.780375
0.775655
0.770872
0.766071
0.761228
0.756366
0.751490
0.746586
0.741646
0.736686
0.731689
0.726647
0.721531
0.716383
0.711212
0.705993
0.700750
0.695425
0.690004
0.684544
0.679019
0.673485
0.667908
0.662320
0.656610
0.650887
0.645091
0.639191
0.633230
0.627208
0.621158
0.615037
0.608757
0.602468
0.596083
0.589667
0.583215
0.576696
0.570129
0.563515
0.556889
0.550207
0.543508
0.536747
0.529911
0.523058
0.516065
0.508974
0.501769
0.494460
0.487119
0.479703
0.472172
0.464411
0.456530
0.448479
0.440282
0.431857
0.423314
0.414552
0.405559
0.396344
0.386869
0.377043
0.367093
0.356958
0.346561
0.335964
0.325127
0.313629
0.301864
0.289722
0.277418
0.264529
0.251515
0.238288
0.224358
0.210066
0.195341
0.179128
0.161761
0.143549
0.123016
0.100000
