1.100000
1.097777
1.095427
1.092975
1.090472
1.087874
1.085261
1.082519
1.079769
1.076957
1.074108
1.071232
1.068339
1.065419
1.062497
1.059414
1.056315
1.053167
1.050005
1.046803
1.043554
1.040276
1.036945
1.033605
1.030212
1.026802
1.023386
1.019914
1.016403
1.012881
1.009297
1.005636
1.001940
0.998230
0.994519
0.990778
0.987033
0.983270
0.979453
0.975622
0.971754
0.967857
0.963900
0.959880
0.955857
0.951754
0.947597
0.943426
0.939243
0.935005
0.930758
0.926494
0.922217
0.917908
0.913595
0.909261
0.904913
0.900533
0.896122
0.891650
0.887127
0.882593
0.878033
0.873445
0.868853
0.864219
0.859476
0.854701
0.849904
0.845069
0.840228
0.835340
0.830430
0.825445
0.820453
0.815417
0.810372
0.805273
0.800149
0.794984
0.789789
0.784487
0.779178
0.773792
0.768394
0.762911
0.757370
0.751818
0.746263
0.740672
0.735052
0.729348
0.723592
0.717790
0.711952
0.706091
0.700194
0.694287
0.688302
0.682207
0.676010
0.669773
0.663531
0.657282
0.650983
0.644625
0.638231
0.631783
0.625291
0.618772
0.612187
0.605519
0.598812
0.592084
0.585282
0.578393
0.571422
0.564406
0.557372
0.550335
0.543153
0.535959
0.528704
0.521387
0.514006
0.506456
0.498830
0.491138
0.483410
0.475508
0.467353
0.459090
0.450739
0.442326
0.433824
0.425229
0.416440
0.407547
0.398404
0.388866
0.379186
0.369406
0.359449
0.349282
0.338928
0.328012
0.316842
0.305464
0.293657
0.281155
0.268518
0.254866
0.240823
0.226485
0.211649
0.196181
0.179869
0.162684
0.144446
0.123661
0.100000
