1.100000
1.098458
1.096767
1.094956
1.092897
1.090823
1.088687
1.086386
1.084059
1.081670
1.079232
1.076788
1.074340
1.071757
1.069170
1.066502
1.063805
1.061022
1.058220
1.055387
1.052532
1.049666
1.046751
1.043825
1.040848
1.037835
1.034823
1.031799
1.028753
1.025682
1.022593
1.019457
1.016305
1.013144
1.009953
1.006727
1.003498
1.000263
0.996985
0.993691
0.990383
0.987046
0.983672
0.980279
0.976864
0.973429
0.969988
0.966535
0.963058
0.959574
0.956081
0.952542
0.948995
0.945430
0.941816
0.938190
0.934540
0.930879
0.927176
0.923461
0.919689
0.915891
0.912044
0.908185
0.904306
0.900387
0.896446
0.892471
0.888492
0.884463
0.880428
0.876359
0.872250
0.868122
0.863969
0.859804
0.855602
0.851390
0.847153
0.842901
0.838635
0.834345
0.830036
0.825707
0.821365
0.816927
0.812485
0.808018
0.803486
0.798922
0.794320
0.789698
0.785026
0.780333
0.775546
0.770707
0.765835
0.760893
0.755934
0.750920
0.745872
0.740774
0.735647
0.730490
0.725214
0.719918
0.714562
0.709180
0.703767
0.698304
0.692797
0.687245
0.681675
0.675985
0.670280
0.664513
0.658716
0.652885
0.647032
0.641080
0.635107
0.629078
0.623045
0.617002
0.610941
0.604795
0.598599
0.592366
0.586131
0.579820
0.573393
0.566923
0.560386
0.553831
0.547132
0.540414
0.533677
0.526868
0.519974
0.512960
0.505779
0.498570
0.491268
0.483870
0.476370
0.468766
0.460989
0.453063
0.444982
0.436747
0.428439
0.419999
0.411501
0.402869
0.394172
0.385291
0.376107
0.366817
0.357136
0.347254
0.337109
0.326915
0.316174
0.304841
0.293414
0.281706
0.269760
0.257592
0.244738
0.231255
0.217508
0.203346
0.188706
0.173603
0.157803
0.140096
0.121362
0.100000
