1.100000
1.097669
1.094397
1.090858
1.087050
1.083192
1.079306
1.075308
1.071227
1.067102
1.062765
1.058353
1.053935
1.049461
1.044970
1.040471
1.035941
1.031304
1.026574
1.021843
1.017094
1.012323
1.007508
1.002659
0.997797
0.992819
0.987826
0.982784
0.977733
0.972638
0.967503
0.962321
0.957118
0.951840
0.946551
0.941116
0.935652
0.930160
0.924499
0.918785
0.913033
0.907181
0.901327
0.895327
0.889185
0.883022
0.876764
0.870493
0.864145
0.857654
0.851138
0.844593
0.838004
0.831333
0.824601
0.817852
0.810976
0.804028
0.796921
0.789757
0.782588
0.775318
0.768003
0.760580
0.753125
0.745504
0.737839
0.730158
0.722425
0.714599
0.706616
0.698575
0.690441
0.682242
0.674023
0.665710
0.657178
0.648566
0.639866
0.631086
0.622201
0.613308
0.604236
0.595119
0.585945
0.576709
0.567417
0.558066
0.548539
0.538850
0.528952
0.518838
0.508514
0.498121
0.487537
0.476761
0.465909
0.454865
0.443533
0.432043
0.420431
0.408601
0.396169
0.383603
0.370722
0.357572
0.344317
0.330533
0.316635
0.302356
0.287965
0.273116
0.257688
0.241443
0.224451
0.207328
0.189717
0.170804
0.149055
0.126591
0.100000
