1.100000
1.099808
1.099565
1.099307
1.099040
1.098771
1.098498
1.098221
1.097931
1.097622
1.097307
1.096976
1.096637
1.096298
1.095952
1.095591
1.095209
1.094785
1.094358
1.093919
1.093476
1.093022
1.092562
1.092096
1.091627
1.091133
1.090636
1.090139
1.089637
1.089132
1.088624
1.088110
1.087591
1.087068
1.086533
1.085998
1.085458
1.084916
1.084372
1.083827
1.083273
1.082715
1.082155
1.081595
1.081033
1.080469
1.079902
1.079331
1.078759
1.078185
1.077611
1.077035
1.076444
1.075852
1.075259
1.074664
1.074068
1.073467
1.072861
1.072254
1.071642
1.071029
1.070414
1.069797
1.069178
1.068557
1.067935
1.067313
1.066690
1.066065
1.065439
1.064813
1.064183
1.063551
1.062915
1.062274
1.061633
1.060989
1.060342
1.059695
1.059047
1.058399
1.057750
1.057098
1.056446
1.055792
1.055137
1.054479
1.053819
1.053157
1.052493
1.051829
1.051164
1.050498
1.049831
1.049162
1.048494
1.047823
1.047149
1.046474
1.045798
1.045119
1.044440
1.043757
1.043075
1.042390
1.041703
1.041015
1.040324
1.039632
1.038935
1.038238
1.037541
1.036843
1.036144
1.035445
1.034743
1.034041
1.033336
1.032630
1.031924
1.031213
1.030498
1.029782
1.029064
1.028345
1.027625
1.026903
1.026181
1.025456
1.024730
1.024003
1.023271
1.022540
1.021807
1.021073
1.020338
1.019602
1.018864
1.018124
1.017382
1.016640
1.015896
1.015150
1.014403
1.013654
1.012903
1.012150
1.011396
1.010639
1.009880
1.009120
1.008359
1.007596
1.006832
1.006067
1.005301
1.004535
1.003767
1.002998
1.002229
1.001457
1.000685
0.999911
0.999135
0.998358
0.997581
0.996803
0.996023
0.995243
0.994461
0.993676
0.992891
0.992105
0.991319
0.990529
0.989740
0.988950
0.988159
0.987367
0.986574
0.985780
0.984985
0.984190
0.983393
0.982593
0.981791
0.980988
0.980183
0.979378
0.978571
0.977765
0.976957
0.976148
0.975336
0.974523
0.973709
0.972893
0.972077
0.971259
0.970439
0.969617
0.968792
0.967967
0.967141
0.966314
0.965487
0.964656
0.963825
0.962992
0.962159
0.961326
0.960492
0.959656
0.958819
0.957980
0.957141
0.956300
0.955459
0.954616
0.953773
0.952928
0.952083
0.951237
0.950389
0.949541
0.948691
0.947839
0.946985
0.946132
0.945277
0.944419
0.943560
0.942701
0.941842
0.940982
0.940120
0.939256
0.938390
0.937522
0.936651
0.935780
0.934907
0.934033
0.933158
0.932284
0.931409
0.930533
0.929658
0.928780
0.927902
0.927022
0.926142
0.925261
0.924375
0.923488
0.922601
0.921714
0.920825
0.919935
0.919044
0.918153
0.917261
0.916368
0.915474
0.914579
0.913683
0.912784
0.911885
0.910984
0.910082
0.909179
0.908275
0.907370
0.906464
0.905557
0.904646
0.903735
0.902823
0.901907
0.900991
0.900072
0.899153
0.898233
0.897311
0.896387
0.895462
0.894536
0.893610
0.892682
0.891753
0.890822
0.889890
0.888958
0.888024
0.887089
0.886154
0.885219
0.884282
0.883342
0.882401
0.881460
0.880517
0.879573
0.878627
0.877681
0.876733
0.875784
0.874833
0.873882
0.872928
0.871970
0.871012
0.870053
0.869092
0.868129
0.867164
0.866198
0.865232
0.864266
0.863297
0.862328
0.861358
0.860387
0.859413
0.858438
0.857463
0.856486
0.855509
0.854530
0.853550
0.852569
0.851587
0.850603
0.849618
0.848632
0.847645
0.846655
0.845664
0.844670
0.843674
0.842677
0.841680
0.840682
0.839683
0.838683
0.837682
0.836680
0.835677
0.834673
0.833668
0.832662
0.831654
0.830645
0.829635
0.828623
0.827609
0.826593
0.825576
0.824558
0.823540
0.822520
0.821498
0.820473
0.819448
0.818418
0.817385
0.816351
0.815315
0.814279
0.813241
0.812202
0.811161
0.810119
0.809074
0.808024
0.806974
0.805921
0.804866
0.803807
0.802748
0.801685
0.800622
0.799558
0.798492
0.797425
0.796358
0.795288
0.794215
0.793140
0.792065
0.790988
0.789911
0.788830
0.787748
0.786663
0.785576
0.784487
0.783398
0.782306
0.781214
0.780121
0.779026
0.777930
0.776832
0.775732
0.774628
0.773522
0.772417
0.771309
0.770200
0.769088
0.767973
0.766857
0.765740
0.764622
0.763499
0.762372
0.761245
0.760114
0.758982
0.757849
0.756714
0.755576
0.754433
0.753289
0.752142
0.750994
0.749843
0.748692
0.747539
0.746384
0.745227
0.744069
0.742911
0.741749
0.740586
0.739422
0.738256
0.737089
0.735920
0.734745
0.733568
0.732390
0.731211
0.730032
0.728850
0.727667
0.726482
0.725295
0.724107
0.722916
0.721724
0.720529
0.719332
0.718134
0.716935
0.715734
0.714531
0.713325
0.712117
0.710906
0.709693
0.708476
0.707258
0.706039
0.704816
0.703592
0.702366
0.701138
0.699909
0.698679
0.697446
0.696213
0.694977
0.693740
0.692503
0.691263
0.690022
0.688777
0.687528
0.686278
0.685025
0.683772
0.682515
0.681258
0.679997
0.678733
0.677467
0.676198
0.674928
0.673658
0.672382
0.671106
0.669825
0.668541
0.667255
0.665967
0.664676
0.663384
0.662090
0.660793
0.659494
0.658194
0.656892
0.655585
0.654278
0.652970
0.651661
0.650350
0.649037
0.647723
0.646405
0.645086
0.643764
0.642442
0.641117
0.639790
0.638461
0.637131
0.635797
0.634462
0.633125
0.631786
0.630444
0.629101
0.627756
0.626410
0.625056
0.623700
0.622340
0.620979
0.619616
0.618253
0.616884
0.615511
0.614132
0.612753
0.611372
0.609988
0.608599
0.607209
0.605817
0.604422
0.603020
0.601616
0.600207
0.598796
0.597381
0.595966
0.594548
0.593130
0.591701
0.590271
0.588839
0.587406
0.585969
0.584529
0.583086
0.581639
0.580190
0.578737
0.577282
0.575826
0.574365
0.572902
0.571438
0.569973
0.568505
0.567034
0.565558
0.564077
0.562595
0.561110
0.559623
0.558133
0.556637
0.555138
0.553637
0.552128
0.550617
0.549100
0.547579
0.546057
0.544534
0.543006
0.541476
0.539943
0.538404
0.536864
0.535322
0.533776
0.532227
0.530676
0.529122
0.527567
0.526009
0.524447
0.522879
0.521302
0.519721
0.518138
0.516551
0.514955
0.513358
0.511756
0.510151
0.508542
0.506930
0.505313
0.503691
0.502066
0.500439
0.498808
0.497172
0.495533
0.493888
0.492240
0.490586
0.488931
0.487271
0.485609
0.483945
0.482280
0.480611
0.478941
0.477265
0.475584
0.473899
0.472210
0.470516
0.468815
0.467110
0.465401
0.463689
0.461972
0.460247
0.458516
0.456777
0.455030
0.453279
0.451523
0.449758
0.447991
0.446213
0.444435
0.442656
0.440873
0.439074
0.437264
0.435451
0.433633
0.431814
0.429989
0.428158
0.426316
0.424461
0.422595
0.420722
0.418838
0.416950
0.415061
0.413171
0.411275
0.409369
0.407460
0.405542
0.403620
0.401682
0.399745
0.397804
0.395854
0.393891
0.391919
0.389945
0.387968
0.385982
0.383990
0.381984
0.379975
0.377961
0.375942
0.373887
0.371822
0.369749
0.367663
0.365575
0.363470
0.361354
0.359230
0.357101
0.354958
0.352806
0.350643
0.348467
0.346282
0.344094
0.341895
0.339674
0.337435
0.335191
0.332931
0.330662
0.328383
0.326094
0.323781
0.321463
0.319137
0.316784
0.314399
0.312011
0.309619
0.307191
0.304756
0.302289
0.299816
0.297339
0.294849
0.292351
0.289830
0.287304
0.284756
0.282206
0.279628
0.277028
0.274411
0.271779
0.269102
0.266393
0.263668
0.260915
0.258143
0.255343
0.252517
0.249679
0.246830
0.243947
0.241038
0.238094
0.235130
0.232115
0.229087
0.226031
0.222955
0.219823
0.216676
0.213504
0.210277
0.207038
0.203744
0.200418
0.197019
0.193553
0.190080
0.186573
0.182989
0.179342
0.175648
0.171876
0.168046
0.164119
0.160075
0.155949
0.151760
0.147422
0.143026
0.138488
0.133884
0.129061
0.124019
0.118772
0.113088
0.106953
0.100000
