1.100000
1.097465
1.094820
1.092146
1.089447
1.086700
1.083821
1.080928
1.078016
1.075084
1.072120
1.069134
1.066108
1.063071
1.060005
1.056909
1.053784
1.050623
1.047407
1.044147
1.040872
1.037580
1.034249
1.030905
1.027558
1.024210
1.020835
1.017454
1.014066
1.010676
1.007251
1.003815
1.000374
0.996910
0.993442
0.989917
0.986389
0.982853
0.979302
0.975689
0.972044
0.968389
0.964730
0.960995
0.957234
0.953431
0.949604
0.945767
0.941894
0.938007
0.934106
0.930177
0.926210
0.922221
0.918216
0.914163
0.910101
0.905981
0.901861
0.897725
0.893574
0.889399
0.885180
0.880927
0.876670
0.872347
0.867978
0.863599
0.859199
0.854785
0.850337
0.845849
0.841351
0.836841
0.832280
0.827705
0.823109
0.818495
0.813861
0.809216
0.804561
0.799882
0.795167
0.790441
0.785685
0.780892
0.776093
0.771278
0.766430
0.761562
0.756683
0.751774
0.746846
0.741894
0.736889
0.731855
0.726819
0.721717
0.716590
0.711411
0.706214
0.700978
0.695713
0.690426
0.685092
0.679747
0.674397
0.669016
0.663582
0.658118
0.652585
0.647037
0.641399
0.635727
0.630046
0.624350
0.618634
0.612904
0.607102
0.601267
0.595418
0.589523
0.583619
0.577613
0.571594
0.565528
0.559423
0.553289
0.547135
0.540910
0.534546
0.528127
0.521665
0.515173
0.508643
0.502062
0.495458
0.488803
0.482102
0.475338
0.468544
0.461721
0.454794
0.447838
0.440831
0.433805
0.426731
0.419571
0.412357
0.405075
0.397720
0.390299
0.382686
0.374993
0.367108
0.359197
0.351145
0.342983
0.334648
0.326234
0.317676
0.308980
0.300222
0.291228
0.282044
0.272840
0.263413
0.253857
0.244124
0.234259
0.224221
0.213865
0.203216
0.192337
0.181079
0.169669
0.157657
0.144456
0.130334
0.115921
0.100000
