1.100000
1.098545
1.096877
1.095130
1.093329
1.091519
1.089622
1.087552
1.085478
1.083340
1.081191
1.079034
1.076873
1.074675
1.072467
1.070255
1.067982
1.065698
1.063408
1.061103
1.058736
1.056339
1.053933
1.051511
1.049053
1.046593
1.044120
1.041618
1.039104
1.036577
1.034047
1.031508
1.028964
1.026404
1.023837
1.021257
1.018657
1.016045
1.013432
1.010809
1.008166
1.005515
1.002862
1.000198
0.997523
0.994846
0.992150
0.989436
0.986709
0.983979
0.981237
0.978489
0.975735
0.972964
0.970175
0.967379
0.964583
0.961784
0.958968
0.956144
0.953302
0.950458
0.947599
0.944739
0.941877
0.938994
0.936095
0.933183
0.930253
0.927302
0.924337
0.921367
0.918385
0.915402
0.912394
0.909367
0.906332
0.903273
0.900200
0.897105
0.894001
0.890893
0.887770
0.884639
0.881504
0.878349
0.875172
0.871981
0.868766
0.865542
0.862301
0.859044
0.855760
0.852457
0.849149
0.845828
0.842503
0.839164
0.835810
0.832450
0.829081
0.825710
0.822320
0.818921
0.815512
0.812092
0.808641
0.805178
0.801673
0.798149
0.794612
0.791048
0.787463
0.783871
0.780237
0.776602
0.772953
0.769287
0.765591
0.761872
0.758151
0.754408
0.750654
0.746863
0.743066
0.739227
0.735368
0.731501
0.727622
0.723709
0.719780
0.715832
0.711869
0.707890
0.703892
0.699867
0.695827
0.691774
0.687711
0.683614
0.679489
0.675352
0.671204
0.667044
0.662856
0.658653
0.654403
0.650118
0.645794
0.641456
0.637096
0.632729
0.628346
0.623934
0.619497
0.615051
0.610578
0.606027
0.601424
0.596781
0.592133
0.587474
0.582793
0.578082
0.573344
0.568588
0.563786
0.558935
0.554062
0.549152
0.544231
0.539293
0.534313
0.529303
0.524274
0.519179
0.514027
0.508865
0.503664
0.498379
0.493085
0.487752
0.482401
0.477011
0.471534
0.466017
0.460469
0.454834
0.449173
0.443487
0.437743
0.431981
0.426158
0.420290
0.414367
0.408407
0.402311
0.396214
0.390022
0.383807
0.377565
0.371278
0.364834
0.358219
0.351592
0.344964
0.338192
0.331286
0.324343
0.317285
0.310152
0.302905
0.295444
0.287965
0.280453
0.272659
0.264789
0.256798
0.248637
0.240339
0.232011
0.223513
0.214480
0.205259
0.195754
0.185913
0.175986
0.165270
0.154357
0.142527
0.130146
0.116485
0.100000
