1.100000
1.098322
1.096633
1.094836
1.092952
1.091053
1.089108
1.087135
1.085140
1.083126
1.081094
1.078967
1.076809
1.074632
1.072451
1.070253
1.068048
1.065842
1.063609
1.061373
1.059118
1.056854
1.054567
1.052222
1.049862
1.047494
1.045121
1.042748
1.040363
1.037971
1.035556
1.033141
1.030707
1.028263
1.025804
1.023345
1.020857
1.018344
1.015831
1.013313
1.010776
1.008232
1.005676
1.003105
1.000529
0.997936
0.995327
0.992715
0.990073
0.987413
0.984741
0.982035
0.979326
0.976616
0.973899
0.971179
0.968445
0.965706
0.962961
0.960202
0.957434
0.954654
0.951865
0.949071
0.946256
0.943432
0.940599
0.937762
0.934910
0.932047
0.929183
0.926317
0.923432
0.920523
0.917596
0.914652
0.911706
0.908758
0.905800
0.902828
0.899849
0.896851
0.893845
0.890831
0.887785
0.884728
0.881655
0.878581
0.875503
0.872415
0.869323
0.866223
0.863115
0.859999
0.856857
0.853703
0.850544
0.847359
0.844169
0.840968
0.837747
0.834523
0.831267
0.827994
0.824718
0.821415
0.818104
0.814792
0.811471
0.808131
0.804781
0.801413
0.798038
0.794656
0.791253
0.787847
0.784416
0.780964
0.777508
0.774046
0.770577
0.767087
0.763592
0.760078
0.756520
0.752947
0.749364
0.745771
0.742172
0.738533
0.734881
0.731210
0.727503
0.723751
0.719975
0.716157
0.712328
0.708496
0.704648
0.700763
0.696874
0.692957
0.689037
0.685100
0.681153
0.677180
0.673191
0.669193
0.665174
0.661144
0.657093
0.653028
0.648929
0.644811
0.640685
0.636540
0.632367
0.628165
0.623956
0.619722
0.615477
0.611214
0.606904
0.602578
0.598244
0.593879
0.589481
0.585060
0.580632
0.576196
0.571716
0.567197
0.562668
0.558119
0.553560
0.548991
0.544379
0.539760
0.535066
0.530350
0.525621
0.520838
0.516046
0.511234
0.506328
0.501402
0.496467
0.491480
0.486453
0.481395
0.476306
0.471194
0.466030
0.460823
0.455582
0.450328
0.444998
0.439666
0.434311
0.428809
0.423281
0.417698
0.412098
0.406489
0.400852
0.395162
0.389457
0.383680
0.377837
0.371956
0.366049
0.360084
0.354018
0.347928
0.341723
0.335414
0.329039
0.322540
0.315933
0.309129
0.302263
0.295303
0.288257
0.281039
0.273792
0.266226
0.258653
0.250867
0.243032
0.235117
0.226736
0.218331
0.209817
0.200827
0.191739
0.182274
0.172751
0.162712
0.151471
0.140040
0.127601
0.114881
0.100000
