1.100000
1.098558
1.096828
1.095064
1.093239
1.091328
1.089378
1.087422
1.085464
1.083467
1.081461
1.079424
1.077363
1.075284
1.073193
1.071073
1.068948
1.066820
1.064664
1.062498
1.060327
1.058142
1.055955
1.053749
1.051533
1.049282
1.047008
1.044728
1.042445
1.040150
1.037846
1.035539
1.033224
1.030900
1.028565
1.026209
1.023828
1.021437
1.019015
1.016591
1.014154
1.011695
1.009236
1.006773
1.004299
1.001817
0.999315
0.996806
0.994292
0.991763
0.989220
0.986667
0.984107
0.981528
0.978944
0.976354
0.973756
0.971139
0.968503
0.965867
0.963223
0.960577
0.957912
0.955244
0.952570
0.949895
0.947212
0.944525
0.941818
0.939092
0.936365
0.933623
0.930865
0.928105
0.925319
0.922532
0.919723
0.916911
0.914086
0.911251
0.908409
0.905557
0.902680
0.899800
0.896904
0.894003
0.891085
0.888160
0.885222
0.882271
0.879297
0.876314
0.873330
0.870340
0.867334
0.864322
0.861306
0.858274
0.855226
0.852156
0.849048
0.845938
0.842823
0.839694
0.836564
0.833421
0.830274
0.827114
0.823940
0.820746
0.817532
0.814292
0.811051
0.807805
0.804553
0.801279
0.797997
0.794699
0.791399
0.788096
0.784769
0.781426
0.778072
0.774715
0.771353
0.767979
0.764601
0.761205
0.757803
0.754383
0.750948
0.747491
0.744017
0.740516
0.737008
0.733487
0.729957
0.726425
0.722884
0.719325
0.715755
0.712166
0.708571
0.704964
0.701356
0.697722
0.694078
0.690402
0.686713
0.683006
0.679274
0.675526
0.671765
0.667997
0.664194
0.660351
0.656467
0.652553
0.648631
0.644682
0.640730
0.636765
0.632789
0.628795
0.624785
0.620759
0.616722
0.612680
0.608617
0.604529
0.600415
0.596284
0.592129
0.587950
0.583744
0.579503
0.575244
0.570962
0.566652
0.562330
0.557964
0.553583
0.549186
0.544749
0.540306
0.535844
0.531372
0.526899
0.522412
0.517870
0.513308
0.508688
0.504053
0.499417
0.494769
0.490096
0.485409
0.480634
0.475818
0.470980
0.466137
0.461282
0.456389
0.451474
0.446534
0.441521
0.436474
0.431385
0.426275
0.421103
0.415910
0.410712
0.405492
0.400178
0.394807
0.389410
0.383987
0.378537
0.373034
0.367520
0.361978
0.356381
0.350729
0.345035
0.339313
0.333529
0.327699
0.321827
0.315917
0.309883
0.303661
0.297413
0.291072
0.284708
0.278248
0.271768
0.265217
0.258515
0.251577
0.244488
0.237280
0.230011
0.222625
0.215189
0.207524
0.199329
0.190963
0.182589
0.173569
0.164546
0.154974
0.145359
0.135108
0.124460
0.113042
0.100000
