1.100000
1.098597
1.097112
1.095602
1.094074
1.092500
1.090896
1.089287
1.087654
1.085977
1.084284
1.082586
1.080887
1.079182
1.077474
1.075763
1.074020
1.072274
1.070508
1.068710
1.066906
1.065098
1.063242
1.061376
1.059499
1.057621
1.055732
1.053821
1.051907
1.049991
1.048068
1.046128
1.044172
1.042211
1.040243
1.038256
1.036268
1.034276
1.032282
1.030281
1.028272
1.026241
1.024207
1.022154
1.020094
1.018029
1.015946
1.013851
1.011743
1.009631
1.007508
1.005373
1.003238
1.001077
0.998912
0.996744
0.994569
0.992378
0.990185
0.987974
0.985759
0.983539
0.981307
0.979064
0.976803
0.974541
0.972266
0.969987
0.967706
0.965425
0.963139
0.960850
0.958554
0.956256
0.953932
0.951603
0.949265
0.946918
0.944558
0.942194
0.939814
0.937431
0.935047
0.932650
0.930251
0.927849
0.925441
0.923026
0.920605
0.918167
0.915717
0.913255
0.910792
0.908321
0.905846
0.903368
0.900883
0.898393
0.895897
0.893396
0.890887
0.888367
0.885834
0.883302
0.880763
0.878212
0.875640
0.873062
0.870474
0.867872
0.865268
0.862659
0.860023
0.857376
0.854721
0.852050
0.849362
0.846665
0.843944
0.841221
0.838487
0.835752
0.833001
0.830245
0.827459
0.824664
0.821865
0.819054
0.816226
0.813392
0.810557
0.807717
0.804872
0.802019
0.799164
0.796300
0.793423
0.790545
0.787651
0.784748
0.781840
0.778928
0.776013
0.773087
0.770141
0.767186
0.764222
0.761250
0.758272
0.755279
0.752276
0.749259
0.746236
0.743213
0.740188
0.737149
0.734104
0.731042
0.727977
0.724904
0.721820
0.718731
0.715620
0.712493
0.709326
0.706147
0.702962
0.699746
0.696515
0.693270
0.690017
0.686750
0.683472
0.680194
0.676900
0.673595
0.670267
0.666921
0.663557
0.660186
0.656786
0.653377
0.649967
0.646554
0.643115
0.639649
0.636178
0.632675
0.629165
0.625639
0.622107
0.618571
0.615010
0.611422
0.607809
0.604180
0.600548
0.596899
0.593241
0.589570
0.585886
0.582173
0.578412
0.574642
0.570868
0.567068
0.563245
0.559397
0.555523
0.551637
0.547726
0.543810
0.539874
0.535908
0.531920
0.527919
0.523884
0.519827
0.515746
0.511650
0.507537
0.503393
0.499207
0.495013
0.490747
0.486457
0.482165
0.477859
0.473547
0.469207
0.464847
0.460479
0.456095
0.451668
0.447210
0.442684
0.438122
0.433512
0.428898
0.424250
0.419584
0.414880
0.410152
0.405398
0.400551
0.395684
0.390793
0.385790
0.380772
0.375728
0.370659
0.365575
0.360400
0.355169
0.349891
0.344585
0.339248
0.333816
0.328321
0.322805
0.317147
0.311418
0.305631
0.299753
0.293761
0.287737
0.281605
0.275373
0.269111
0.262643
0.256089
0.249345
0.242594
0.235652
0.228653
0.221560
0.214456
0.207202
0.199837
0.192228
0.184484
0.176587
0.168586
0.159835
0.151058
0.141821
0.132081
0.122067
0.111836
0.100000
