1.100000
1.098340
1.096532
1.094654
1.092761
1.090833
1.088851
1.086868
1.084819
1.082755
1.080658
1.078542
1.076392
1.074213
1.072027
1.069829
1.067615
1.065359
1.063093
1.060771
1.058439
1.056095
1.053728
1.051340
1.048928
1.046488
1.044047
1.041593
1.039129
1.036641
1.034145
1.031640
1.029126
1.026597
1.024051
1.021504
1.018941
1.016377
1.013801
1.011211
1.008618
1.006017
1.003411
1.000722
0.998029
0.995324
0.992613
0.989881
0.987149
0.984406
0.981659
0.978897
0.976133
0.973357
0.970573
0.967785
0.964982
0.962167
0.959337
0.956488
0.953628
0.950766
0.947893
0.945012
0.942107
0.939192
0.936248
0.933300
0.930349
0.927394
0.924426
0.921442
0.918438
0.915423
0.912370
0.909310
0.906246
0.903170
0.900068
0.896962
0.893851
0.890730
0.887598
0.884455
0.881297
0.878122
0.874937
0.871736
0.868522
0.865285
0.862023
0.858748
0.855469
0.852158
0.848814
0.845459
0.842098
0.838728
0.835331
0.831926
0.828499
0.825062
0.821609
0.818143
0.814660
0.811170
0.807678
0.804158
0.800623
0.797067
0.793492
0.789917
0.786340
0.782745
0.779130
0.775486
0.771828
0.768165
0.764502
0.760813
0.757101
0.753385
0.749654
0.745907
0.742136
0.738361
0.734570
0.730765
0.726953
0.723116
0.719266
0.715397
0.711512
0.707584
0.703643
0.699672
0.695672
0.691647
0.687602
0.683548
0.679488
0.675387
0.671284
0.667176
0.663054
0.658909
0.654760
0.650603
0.646426
0.642235
0.638033
0.633802
0.629526
0.625249
0.620944
0.616609
0.612269
0.607916
0.603555
0.599186
0.594814
0.590416
0.585959
0.581497
0.577000
0.572495
0.567977
0.563442
0.558887
0.554319
0.549683
0.545013
0.540320
0.535592
0.530813
0.526033
0.521229
0.516385
0.511479
0.506516
0.501487
0.496404
0.491307
0.486209
0.481108
0.475994
0.470860
0.465633
0.460319
0.455000
0.449643
0.444238
0.438803
0.433336
0.427808
0.422205
0.416592
0.410951
0.405294
0.399580
0.393710
0.387835
0.381897
0.375858
0.369804
0.363670
0.357477
0.351179
0.344865
0.338476
0.332056
0.325579
0.319036
0.312422
0.305661
0.298744
0.291759
0.284733
0.277308
0.269862
0.262377
0.254761
0.247032
0.239202
0.231294
0.223187
0.214789
0.206192
0.197531
0.188634
0.179419
0.170072
0.160485
0.150020
0.138964
0.126777
0.113975
0.100000
