1.100000
1.099763
1.099521
1.099223
1.098905
1.098578
1.098242
1.097878
1.097490
1.097096
1.096695
1.096293
1.095885
1.095475
1.095054
1.094625
1.094197
1.093767
1.093333
1.092896
1.092456
1.092010
1.091562
1.091114
1.090664
1.090211
1.089756
1.089299
1.088840
1.088378
1.087914
1.087450
1.086984
1.086516
1.086048
1.085580
1.085107
1.084633
1.084159
1.083683
1.083204
1.082725
1.082246
1.081766
1.081284
1.080800
1.080315
1.079829
1.079342
1.078854
1.078365
1.077875
1.077383
1.076890
1.076396
1.075901
1.075405
1.074909
1.074412
1.073915
1.073417
1.072917
1.072416
1.071915
1.071412
1.070907
1.070402
1.069894
1.069385
1.068875
1.068364
1.067849
1.067334
1.066818
1.066301
1.065783
1.065265
1.064745
1.064225
1.063702
1.063177
1.062651
1.062125
1.061596
1.061066
1.060536
1.060005
1.059473
1.058940
1.058405
1.057868
1.057330
1.056792
1.056254
1.055716
1.055177
1.054638
1.054098
1.053557
1.053014
1.052470
1.051921
1.051372
1.050822
1.050271
1.049719
1.049167
1.048615
1.048062
1.047509
1.046954
1.046399
1.045844
1.045287
1.044729
1.044171
1.043612
1.043051
1.042490
1.041927
1.041364
1.040800
1.040237
1.039671
1.039105
1.038539
1.037972
1.037404
1.036835
1.036266
1.035697
1.035126
1.034556
1.033985
1.033413
1.032841
1.032268
1.031695
1.031121
1.030545
1.029968
1.029391
1.028813
1.028234
1.027654
1.027075
1.026495
1.025915
1.025333
1.024752
1.024170
1.023588
1.023004
1.022420
1.021836
1.021251
1.020665
1.020079
1.019493
1.018905
1.018317
1.017729
1.017141
1.016551
1.015961
1.015370
1.014778
1.014186
1.013593
1.012999
1.012404
1.011809
1.011214
1.010617
1.010020
1.009421
1.008821
1.008221
1.007619
1.007016
1.006413
1.005809
1.005204
1.004600
1.003994
1.003388
1.002782
1.002175
1.001567
1.000960
1.000351
0.999741
0.999130
0.998519
0.997907
0.997295
0.996683
0.996070
0.995457
0.994843
0.994229
0.993614
0.992999
0.992382
0.991765
0.991144
0.990524
0.989903
0.989282
0.988659
0.988036
0.987413
0.986789
0.986164
0.985539
0.984913
0.984286
0.983658
0.983030
0.982402
0.981773
0.981143
0.980512
0.979881
0.979248
0.978615
0.977981
0.977348
0.976713
0.976079
0.975443
0.974806
0.974169
0.973530
0.972891
0.972251
0.971609
0.970968
0.970325
0.969682
0.969039
0.968395
0.967750
0.967106
0.966461
0.965816
0.965171
0.964525
0.963877
0.963229
0.962580
0.961931
0.961281
0.960630
0.959978
0.959326
0.958674
0.958021
0.957368
0.956713
0.956059
0.955404
0.954750
0.954092
0.953435
0.952776
0.952117
0.951458
0.950797
0.950136
0.949474
0.948811
0.948148
0.947484
0.946820
0.946156
0.945490
0.944823
0.944157
0.943489
0.942821
0.942152
0.941483
0.940814
0.940145
0.939475
0.938804
0.938133
0.937461
0.936789
0.936115
0.935441
0.934766
0.934090
0.933415
0.932739
0.932062
0.931384
0.930707
0.930028
0.929348
0.928667
0.927985
0.927303
0.926620
0.925937
0.925254
0.924570
0.923886
0.923202
0.922517
0.921831
0.921144
0.920458
0.919771
0.919083
0.918395
0.917706
0.917016
0.916326
0.915635
0.914944
0.914253
0.913560
0.912866
0.912171
0.911475
0.910780
0.910084
0.909388
0.908691
0.907993
0.907294
0.906594
0.905895
0.905194
0.904494
0.903792
0.903091
0.902388
0.901685
0.900980
0.900273
0.899567
0.898860
0.898153
0.897445
0.896737
0.896028
0.895317
0.894607
0.893895
0.893182
0.892468
0.891754
0.891039
0.890324
0.889608
0.888891
0.888174
0.887457
0.886739
0.886021
0.885302
0.884582
0.883862
0.883140
0.882417
0.881694
0.880971
0.880247
0.879523
0.878798
0.878072
0.877346
0.876620
0.875892
0.875164
0.874436
0.873706
0.872976
0.872245
0.871514
0.870782
0.870050
0.869318
0.868584
0.867848
0.867111
0.866375
0.865638
0.864900
0.864162
0.863422
0.862683
0.861942
0.861202
0.860461
0.859719
0.858975
0.858232
0.857488
0.856744
0.855998
0.855252
0.854504
0.853757
0.853009
0.852261
0.851511
0.850762
0.850012
0.849262
0.848511
0.847758
0.847004
0.846250
0.845496
0.844742
0.843987
0.843231
0.842474
0.841717
0.840959
0.840200
0.839441
0.838682
0.837921
0.837160
0.836398
0.835635
0.834872
0.834108
0.833344
0.832578
0.831812
0.831046
0.830279
0.829511
0.828741
0.827971
0.827200
0.826428
0.825655
0.824882
0.824107
0.823331
0.822555
0.821778
0.821000
0.820222
0.819443
0.818663
0.817883
0.817101
0.816319
0.815537
0.814754
0.813970
0.813186
0.812401
0.811614
0.810827
0.810039
0.809251
0.808461
0.807672
0.806882
0.806091
0.805300
0.804508
0.803716
0.802923
0.802129
0.801335
0.800540
0.799743
0.798946
0.798149
0.797351
0.796552
0.795753
0.794954
0.794154
0.793353
0.792552
0.791751
0.790947
0.790143
0.789338
0.788533
0.787727
0.786921
0.786114
0.785307
0.784498
0.783690
0.782880
0.782070
0.781259
0.780447
0.779635
0.778822
0.778008
0.777194
0.776378
0.775562
0.774745
0.773926
0.773107
0.772287
0.771466
0.770645
0.769823
0.769000
0.768176
0.767350
0.766523
0.765695
0.764866
0.764037
0.763205
0.762374
0.761541
0.760708
0.759874
0.759038
0.758202
0.757365
0.756526
0.755688
0.754849
0.754008
0.753166
0.752324
0.751481
0.750637
0.749791
0.748946
0.748099
0.747252
0.746404
0.745556
0.744705
0.743854
0.743003
0.742152
0.741300
0.740446
0.739591
0.738735
0.737879
0.737020
0.736162
0.735302
0.734442
0.733580
0.732718
0.731855
0.730992
0.730128
0.729262
0.728395
0.727528
0.726661
0.725793
0.724924
0.724054
0.723184
0.722313
0.721442
0.720570
0.719697
0.718822
0.717947
0.717070
0.716193
0.715314
0.714435
0.713555
0.712673
0.711791
0.710909
0.710026
0.709142
0.708257
0.707372
0.706485
0.705598
0.704709
0.703819
0.702928
0.702035
0.701141
0.700247
0.699351
0.698455
0.697558
0.696660
0.695761
0.694861
0.693960
0.693058
0.692155
0.691252
0.690347
0.689441
0.688535
0.687629
0.686719
0.685808
0.684897
0.683986
0.683073
0.682159
0.681245
0.680331
0.679415
0.678499
0.677582
0.676663
0.675744
0.674823
0.673902
0.672979
0.672056
0.671132
0.670207
0.669280
0.668352
0.667423
0.666492
0.665558
0.664624
0.663688
0.662752
0.661815
0.660878
0.659938
0.658996
0.658054
0.657111
0.656167
0.655223
0.654277
0.653331
0.652383
0.651434
0.650484
0.649533
0.648582
0.647631
0.646679
0.645725
0.644770
0.643815
0.642858
0.641900
0.640939
0.639978
0.639016
0.638052
0.637089
0.636124
0.635160
0.634193
0.633225
0.632255
0.631284
0.630311
0.629338
0.628363
0.627388
0.626411
0.625434
0.624455
0.623476
0.622496
0.621516
0.620535
0.619552
0.618567
0.617582
0.616596
0.615609
0.614621
0.613633
0.612643
0.611651
0.610657
0.609661
0.608664
0.607665
0.606666
0.605666
0.604665
0.603663
0.602657
0.601650
0.600642
0.599634
0.598623
0.597609
0.596594
0.595579
0.594564
0.593547
0.592529
0.591510
0.590490
0.589467
0.588445
0.587421
0.586396
0.585368
0.584341
0.583311
0.582281
0.581251
0.580218
0.579184
0.578147
0.577109
0.576069
0.575028
0.573985
0.572942
0.571897
0.570851
0.569803
0.568754
0.567704
0.566652
0.565598
0.564543
0.563487
0.562429
0.561369
0.560309
0.559247
0.558185
0.557120
0.556054
0.554987
0.553916
0.552844
0.551771
0.550696
0.549620
0.548543
0.547466
0.546385
0.545304
0.544221
0.543137
0.542051
0.540964
0.539877
0.538788
0.537699
0.536609
0.535517
0.534421
0.533325
0.532228
0.531129
0.530029
0.528928
0.527824
0.526717
0.525611
0.524501
0.523390
0.522278
0.521164
0.520048
0.518931
0.517813
0.516694
0.515575
0.514452
0.513328
0.512202
0.511075
0.509946
0.508813
0.507680
0.506545
0.505407
0.504268
0.503126
0.501981
0.500832
0.499682
0.498531
0.497379
0.496227
0.495074
0.493918
0.492760
0.491600
0.490437
0.489273
0.488108
0.486940
0.485770
0.484596
0.483421
0.482241
0.481061
0.479879
0.478696
0.477513
0.476328
0.475139
0.473949
0.472757
0.471564
0.470367
0.469169
0.467969
0.466765
0.465561
0.464356
0.463150
0.461942
0.460733
0.459524
0.458311
0.457097
0.455881
0.454661
0.453440
0.452216
0.450989
0.449759
0.448530
0.447300
0.446067
0.444833
0.443596
0.442357
0.441112
0.439866
0.438617
0.437364
0.436111
0.434852
0.433592
0.432322
0.431052
0.429779
0.428505
0.427227
0.425948
0.424664
0.423379
0.422093
0.420804
0.419515
0.418224
0.416928
0.415630
0.414331
0.413031
0.411730
0.410426
0.409119
0.407809
0.406496
0.405179
0.403859
0.402538
0.401215
0.399888
0.398558
0.397227
0.395893
0.394555
0.393211
0.391865
0.390519
0.389168
0.387809
0.386446
0.385083
0.383718
0.382347
0.380975
0.379598
0.378219
0.376839
0.375457
0.374072
0.372683
0.371290
0.369893
0.368494
0.367089
0.365680
0.364269
0.362854
0.361433
0.360007
0.358579
0.357150
0.355714
0.354278
0.352834
0.351390
0.349942
0.348489
0.347026
0.345561
0.344094
0.342624
0.341150
0.339673
0.338197
0.336712
0.335223
0.333733
0.332234
0.330734
0.329228
0.327719
0.326202
0.324685
0.323161
0.321636
0.320106
0.318563
0.317010
0.315447
0.313879
0.312306
0.310726
0.309146
0.307561
0.305972
0.304376
0.302778
0.301178
0.299573
0.297968
0.296351
0.294732
0.293108
0.291477
0.289839
0.288200
0.286556
0.284909
0.283248
0.281587
0.279923
0.278240
0.276551
0.274859
0.273162
0.271460
0.269757
0.268042
0.266321
0.264595
0.262865
0.261123
0.259375
0.257625
0.255865
0.254096
0.252322
0.250533
0.248743
0.246937
0.245124
0.243307
0.241484
0.239651
0.237796
0.235938
0.234057
0.232173
0.230277
0.228368
0.226442
0.224510
0.222556
0.220591
0.218622
0.216649
0.214660
0.212671
0.210665
0.208650
0.206626
0.204571
0.202512
0.200437
0.198337
0.196229
0.194097
0.191958
0.189802
0.187637
0.185418
0.183164
0.180894
0.178614
0.176316
0.173978
0.171637
0.169254
0.166838
0.164417
0.161942
0.159424
0.156876
0.154300
0.151707
0.149100
0.146455
0.143697
0.140908
0.138089
0.135175
0.132238
0.129157
0.125992
0.122791
0.119449
0.115940
0.112275
0.108555
0.104500
0.100000
