1.100000
1.098157
1.096140
1.094079
1.092010
1.089799
1.087354
1.084857
1.082319
1.079688
1.077038
1.074358
1.071655
1.068907
1.066142
1.063376
1.060545
1.057706
1.054861
1.052008
1.049134
1.046252
1.043368
1.040448
1.037525
1.034585
1.031540
1.028472
1.025374
1.022256
1.019120
1.015945
1.012714
1.009463
1.006180
1.002827
0.999472
0.996046
0.992590
0.989107
0.985596
0.982068
0.978505
0.974928
0.971337
0.967723
0.964062
0.960372
0.956596
0.952776
0.948912
0.945047
0.941160
0.937264
0.933327
0.929383
0.925439
0.921474
0.917487
0.913491
0.909459
0.905362
0.901247
0.897121
0.892980
0.888795
0.884580
0.880350
0.876086
0.871797
0.867462
0.863093
0.858678
0.854232
0.849771
0.845280
0.840758
0.836183
0.831571
0.826937
0.822275
0.817573
0.812823
0.808017
0.803189
0.798358
0.793511
0.788623
0.783710
0.778761
0.773800
0.768732
0.763606
0.758472
0.753325
0.748118
0.742817
0.737480
0.732120
0.726735
0.721341
0.715935
0.710458
0.704932
0.699368
0.693744
0.688016
0.682204
0.676330
0.670456
0.664526
0.658488
0.652392
0.646296
0.640142
0.633948
0.627699
0.621413
0.615111
0.608719
0.602256
0.595734
0.589158
0.582512
0.575801
0.569073
0.562265
0.555289
0.548262
0.541120
0.533938
0.526752
0.519541
0.512239
0.504681
0.497111
0.489518
0.481859
0.474019
0.466173
0.458120
0.449853
0.441541
0.433205
0.424765
0.416164
0.407432
0.398584
0.389732
0.380786
0.371450
0.362060
0.352400
0.342649
0.332748
0.322628
0.312021
0.301098
0.290107
0.278994
0.267708
0.255940
0.243143
0.230184
0.216620
0.202586
0.188093
0.173467
0.157406
0.139509
0.120426
0.100000
