1.100000
1.097923
1.095641
1.093252
1.090665
1.088034
1.085368
1.082540
1.079691
1.076826
1.073948
1.071059
1.068153
1.065202
1.062213
1.059168
1.056095
1.052976
1.049841
1.046686
1.043480
1.040261
1.036950
1.033629
1.030251
1.026867
1.023457
1.020008
1.016503
1.012950
1.009396
1.005788
1.002160
0.998463
0.994729
0.990964
0.987172
0.983340
0.979505
0.975662
0.971796
0.967916
0.964000
0.960066
0.956103
0.952101
0.948056
0.944011
0.939949
0.935851
0.931744
0.927631
0.923433
0.919200
0.914954
0.910708
0.906370
0.902020
0.897639
0.893257
0.888843
0.884404
0.879883
0.875349
0.870806
0.866228
0.861647
0.857059
0.852438
0.847799
0.843129
0.838437
0.833706
0.828932
0.824136
0.819290
0.814411
0.809492
0.804560
0.799625
0.794645
0.789623
0.784559
0.779477
0.774364
0.769217
0.764043
0.758793
0.753519
0.748229
0.742921
0.737572
0.732213
0.726835
0.721445
0.715954
0.710430
0.704884
0.699337
0.693749
0.688123
0.682458
0.676756
0.671024
0.665250
0.659442
0.653631
0.647735
0.641837
0.635834
0.629725
0.623557
0.617360
0.611103
0.604804
0.598482
0.592055
0.585577
0.579056
0.572511
0.565950
0.559331
0.552680
0.545931
0.539072
0.532181
0.525230
0.518227
0.511167
0.504074
0.496946
0.489745
0.482463
0.475041
0.467586
0.460069
0.452404
0.444627
0.436742
0.428851
0.420808
0.412721
0.404529
0.396292
0.388032
0.379742
0.371402
0.362785
0.353941
0.345094
0.336177
0.327063
0.317564
0.307993
0.298222
0.288322
0.278251
0.267993
0.257661
0.247146
0.236408
0.225173
0.213753
0.201921
0.189838
0.177123
0.163862
0.149402
0.134668
0.118323
0.100000
