1.100000
1.098411
1.096781
1.094994
1.092833
1.090621
1.088228
1.085647
1.083044
1.080266
1.077438
1.074541
1.071607
1.068607
1.065563
1.062511
1.059439
1.056342
1.053219
1.049963
1.046679
1.043369
1.040057
1.036714
1.033334
1.029932
1.026479
1.023009
1.019521
1.016016
1.012510
1.008911
1.005297
1.001618
0.997924
0.994216
0.990485
0.986673
0.982845
0.978958
0.975044
0.971106
0.967120
0.963090
0.959055
0.954991
0.950877
0.946686
0.942473
0.938232
0.933977
0.929677
0.925347
0.921013
0.916662
0.912272
0.907820
0.903347
0.898831
0.894312
0.889691
0.885050
0.880375
0.875676
0.870958
0.866175
0.861377
0.856517
0.851607
0.846671
0.841673
0.836631
0.831587
0.826528
0.821424
0.816302
0.811122
0.805924
0.800722
0.795488
0.790192
0.784883
0.779499
0.774071
0.768573
0.763020
0.757363
0.751680
0.745966
0.740242
0.734466
0.728652
0.722821
0.716856
0.710835
0.704807
0.698761
0.692608
0.686433
0.680221
0.673926
0.667582
0.661183
0.654752
0.648218
0.641591
0.634955
0.628296
0.621591
0.614781
0.607933
0.601066
0.594130
0.587084
0.579984
0.572878
0.565694
0.558283
0.550791
0.543294
0.535664
0.528009
0.520230
0.512414
0.504529
0.496597
0.488472
0.480183
0.471819
0.463347
0.454825
0.446027
0.437020
0.427943
0.418818
0.409508
0.400097
0.390403
0.380625
0.370594
0.360455
0.350091
0.339622
0.328980
0.318238
0.306875
0.295395
0.283680
0.271572
0.259088
0.246232
0.233211
0.219621
0.204957
0.189747
0.174016
0.157871
0.140554
0.121209
0.100000
