1.100000
1.098000
1.095991
1.093905
1.091658
1.089300
1.086610
1.083857
1.080665
1.077440
1.074153
1.070843
1.067496
1.064129
1.060720
1.057308
1.053762
1.050179
1.046531
1.042847
1.039137
1.035397
1.031639
1.027874
1.024071
1.020258
1.016401
1.012499
1.008585
1.004602
1.000545
0.996475
0.992402
0.988321
0.984201
0.979968
0.975729
0.971453
0.967146
0.962811
0.958455
0.954077
0.949649
0.945195
0.940726
0.936244
0.931689
0.927118
0.922541
0.917941
0.913336
0.908656
0.903930
0.899162
0.894377
0.889592
0.884770
0.879923
0.875067
0.870166
0.865218
0.860230
0.855200
0.850121
0.845005
0.839806
0.834584
0.829314
0.824006
0.818669
0.813323
0.807971
0.802599
0.797183
0.791750
0.786283
0.780757
0.775217
0.769578
0.763896
0.758201
0.752452
0.746664
0.740837
0.734990
0.729060
0.723101
0.717140
0.711140
0.705100
0.699011
0.692909
0.686770
0.680584
0.674359
0.668118
0.661821
0.655486
0.649112
0.642675
0.636226
0.629647
0.623017
0.616327
0.609589
0.602844
0.596066
0.589188
0.582283
0.575364
0.568363
0.561257
0.554128
0.546990
0.539842
0.532458
0.524949
0.517363
0.509709
0.502022
0.494274
0.486430
0.478458
0.470459
0.462443
0.454364
0.446166
0.437858
0.429459
0.421015
0.412494
0.403762
0.394980
0.386022
0.377054
0.367931
0.358714
0.349410
0.339855
0.330261
0.320401
0.310396
0.300202
0.289800
0.279159
0.268262
0.257164
0.245796
0.233858
0.221589
0.209161
0.196287
0.182119
0.167797
0.153192
0.137214
0.119468
0.100000
