1.100000
1.098270
1.096452
1.094356
1.092253
1.090104
1.087934
1.085674
1.083386
1.081059
1.078727
1.076331
1.073898
1.071443
1.068937
1.066421
1.063854
1.061283
1.058628
1.055961
1.053277
1.050565
1.047806
1.045035
1.042253
1.039431
1.036568
1.033680
1.030771
1.027847
1.024913
1.021950
1.018972
1.015981
1.012965
1.009908
1.006826
1.003725
1.000562
0.997387
0.994208
0.991025
0.987824
0.984585
0.981335
0.978077
0.974807
0.971490
0.968119
0.964728
0.961331
0.957926
0.954518
0.951063
0.947606
0.944135
0.940593
0.937044
0.933465
0.929844
0.926191
0.922536
0.918878
0.915194
0.911481
0.907754
0.904018
0.900267
0.896492
0.892635
0.888760
0.884881
0.880992
0.877077
0.873138
0.869191
0.865212
0.861214
0.857166
0.853115
0.849057
0.844954
0.840844
0.836726
0.832587
0.828435
0.824255
0.820041
0.815823
0.811581
0.807327
0.803061
0.798771
0.794437
0.790078
0.785689
0.781254
0.776800
0.772335
0.767819
0.763283
0.758736
0.754178
0.749572
0.744965
0.740350
0.735680
0.731008
0.726319
0.721606
0.716880
0.712114
0.707348
0.702522
0.697673
0.692790
0.687872
0.682921
0.677944
0.672950
0.667939
0.662907
0.657829
0.652737
0.647639
0.642494
0.637331
0.632156
0.626902
0.621622
0.616291
0.610942
0.605513
0.600049
0.594520
0.588977
0.583389
0.577776
0.572136
0.566450
0.560735
0.555007
0.549213
0.543391
0.537536
0.531667
0.525627
0.519548
0.513416
0.507250
0.500994
0.494700
0.488276
0.481847
0.475409
0.468950
0.462425
0.455787
0.449074
0.442337
0.435545
0.428614
0.421674
0.414691
0.407603
0.400474
0.393199
0.385795
0.378341
0.370836
0.363199
0.355538
0.347690
0.339457
0.331177
0.322885
0.314574
0.306047
0.297488
0.288858
0.279909
0.270680
0.261329
0.251749
0.242137
0.231904
0.221502
0.210713
0.199317
0.187366
0.175387
0.161687
0.147951
0.133649
0.118022
0.100000
