1.100000
1.097822
1.095581
1.093088
1.090564
1.087722
1.084748
1.081732
1.078646
1.075477
1.072295
1.069004
1.065706
1.062387
1.059046
1.055565
1.051977
1.048362
1.044722
1.040955
1.037166
1.033375
1.029551
1.025712
1.021863
1.017972
1.014049
1.009955
1.005842
1.001663
0.997469
0.993230
0.988922
0.984580
0.980197
0.975716
0.971126
0.966518
0.961878
0.957219
0.952508
0.947787
0.943040
0.938274
0.933462
0.928629
0.923716
0.918783
0.913789
0.908776
0.903737
0.898608
0.893458
0.888256
0.883022
0.877747
0.872469
0.867114
0.861702
0.856222
0.850725
0.845138
0.839488
0.833802
0.828101
0.822364
0.816606
0.810824
0.805017
0.799198
0.793269
0.787307
0.781235
0.775133
0.769007
0.762827
0.756469
0.750076
0.743590
0.737048
0.730412
0.723711
0.716895
0.710032
0.703150
0.696207
0.689167
0.682091
0.675013
0.667867
0.660645
0.653366
0.646076
0.638639
0.631143
0.623639
0.616060
0.608329
0.600537
0.592670
0.584726
0.576738
0.568684
0.560494
0.552274
0.544029
0.535658
0.527143
0.518537
0.509908
0.501160
0.492373
0.483489
0.474497
0.465293
0.455949
0.446516
0.436765
0.426840
0.416845
0.406697
0.396300
0.385870
0.375276
0.364512
0.353636
0.342236
0.330608
0.318807
0.306410
0.293981
0.280770
0.267385
0.253512
0.239353
0.225119
0.210434
0.195391
0.178670
0.160499
0.141821
0.122161
0.100000
