1.100000
1.098116
1.096196
1.094163
1.092067
1.089919
1.087742
1.085540
1.083319
1.081094
1.078793
1.076458
1.074118
1.071701
1.069242
1.066625
1.063999
1.061351
1.058640
1.055907
1.053161
1.050389
1.047607
1.044806
1.041993
1.039173
1.036312
1.033426
1.030501
1.027561
1.024614
1.021648
1.018589
1.015526
1.012458
1.009334
1.006202
1.003040
0.999869
0.996674
0.993423
0.990167
0.986896
0.983617
0.980329
0.976996
0.973656
0.970303
0.966936
0.963529
0.960057
0.956506
0.952945
0.949371
0.945789
0.942184
0.938559
0.934924
0.931257
0.927565
0.923871
0.920110
0.916348
0.912552
0.908753
0.904925
0.901086
0.897245
0.893328
0.889358
0.885354
0.881326
0.877262
0.873186
0.869081
0.864953
0.860811
0.856664
0.852503
0.848295
0.844080
0.839851
0.835601
0.831269
0.826925
0.822571
0.818176
0.813732
0.809274
0.804798
0.800295
0.795783
0.791241
0.786683
0.782073
0.777430
0.772776
0.768076
0.763375
0.758617
0.753845
0.749030
0.744197
0.739310
0.734378
0.729421
0.724440
0.719424
0.714337
0.709206
0.704060
0.698822
0.693566
0.688262
0.682925
0.677550
0.672141
0.666711
0.661256
0.655728
0.650195
0.644617
0.639011
0.633364
0.627677
0.621955
0.616207
0.610451
0.604643
0.598704
0.592670
0.586617
0.580523
0.574355
0.568105
0.561850
0.555524
0.549158
0.542772
0.536370
0.529848
0.523278
0.516645
0.509968
0.503243
0.496476
0.489695
0.482881
0.476008
0.469073
0.462029
0.454888
0.447735
0.440487
0.433095
0.425648
0.418061
0.410319
0.402455
0.394516
0.386414
0.378175
0.369893
0.361333
0.352471
0.343460
0.334314
0.324810
0.315253
0.305432
0.295467
0.285400
0.275131
0.264854
0.254163
0.243273
0.231791
0.220212
0.207934
0.194975
0.181620
0.167529
0.152953
0.136777
0.118858
0.100000
