1.100000
1.095199
1.090149
1.084801
1.078866
1.072906
1.066640
1.060335
1.053983
1.047592
1.041087
1.034466
1.027790
1.021012
1.014066
1.007001
0.999925
0.992811
0.985640
0.978452
0.971147
0.963821
0.956465
0.949063
0.941598
0.934000
0.926278
0.918471
0.910604
0.902684
0.894532
0.886194
0.877668
0.869074
0.860426
0.851715
0.842853
0.833830
0.824672
0.815467
0.806146
0.796767
0.787368
0.777863
0.768317
0.758717
0.748722
0.738670
0.728556
0.718356
0.708045
0.697676
0.687221
0.676519
0.665813
0.654799
0.643639
0.632424
0.621084
0.609569
0.597991
0.586218
0.574365
0.562307
0.550210
0.537988
0.525341
0.512470
0.499558
0.486573
0.473339
0.459927
0.445902
0.431633
0.417361
0.402742
0.387731
0.372629
0.357212
0.341348
0.325272
0.308989
0.292677
0.276129
0.258747
0.240083
0.220461
0.200061
0.178610
0.156512
0.130701
0.100000
