1.100000
1.099815
1.099559
1.099297
1.099031
1.098762
1.098481
1.098195
1.097888
1.097564
1.097233
1.096894
1.096547
1.096195
1.095840
1.095485
1.095123
1.094756
1.094378
1.093996
1.093613
1.093226
1.092828
1.092429
1.092018
1.091598
1.091175
1.090744
1.090309
1.089870
1.089423
1.088975
1.088524
1.088071
1.087612
1.087153
1.086690
1.086225
1.085755
1.085284
1.084810
1.084330
1.083848
1.083354
1.082845
1.082329
1.081808
1.081284
1.080760
1.080236
1.079708
1.079180
1.078647
1.078112
1.077570
1.077024
1.076479
1.075932
1.075377
1.074822
1.074263
1.073704
1.073142
1.072581
1.072017
1.071451
1.070882
1.070313
1.069740
1.069163
1.068585
1.068007
1.067424
1.066841
1.066257
1.065671
1.065083
1.064488
1.063892
1.063293
1.062694
1.062093
1.061492
1.060891
1.060284
1.059673
1.059062
1.058448
1.057832
1.057216
1.056597
1.055976
1.055354
1.054729
1.054102
1.053473
1.052844
1.052214
1.051581
1.050945
1.050310
1.049674
1.049037
1.048399
1.047760
1.047119
1.046473
1.045826
1.045175
1.044524
1.043871
1.043217
1.042562
1.041906
1.041249
1.040590
1.039931
1.039271
1.038609
1.037944
1.037275
1.036605
1.035934
1.035262
1.034588
1.033915
1.033240
1.032564
1.031887
1.031208
1.030528
1.029847
1.029164
1.028481
1.027795
1.027108
1.026418
1.025727
1.025035
1.024343
1.023650
1.022956
1.022261
1.021566
1.020868
1.020170
1.019469
1.018765
1.018061
1.017353
1.016645
1.015936
1.015227
1.014516
1.013806
1.013095
1.012383
1.011670
1.010956
1.010241
1.009525
1.008808
1.008089
1.007371
1.006651
1.005930
1.005208
1.004485
1.003761
1.003035
1.002309
1.001581
1.000852
1.000124
0.999393
0.998662
0.997930
0.997195
0.996460
0.995723
0.994985
0.994246
0.993506
0.992764
0.992022
0.991279
0.990534
0.989788
0.989041
0.988293
0.987545
0.986791
0.986037
0.985283
0.984528
0.983771
0.983013
0.982253
0.981491
0.980728
0.979965
0.979201
0.978436
0.977670
0.976903
0.976135
0.975367
0.974598
0.973828
0.973058
0.972287
0.971513
0.970739
0.969963
0.969185
0.968407
0.967627
0.966841
0.966054
0.965267
0.964479
0.963689
0.962896
0.962102
0.961306
0.960509
0.959713
0.958913
0.958111
0.957310
0.956508
0.955704
0.954899
0.954093
0.953286
0.952478
0.951669
0.950857
0.950045
0.949231
0.948416
0.947600
0.946783
0.945965
0.945147
0.944328
0.943508
0.942688
0.941866
0.941044
0.940220
0.939394
0.938566
0.937738
0.936909
0.936079
0.935248
0.934415
0.933582
0.932747
0.931911
0.931074
0.930236
0.929398
0.928557
0.927715
0.926872
0.926029
0.925185
0.924340
0.923494
0.922648
0.921800
0.920952
0.920102
0.919250
0.918397
0.917543
0.916687
0.915832
0.914975
0.914117
0.913257
0.912395
0.911533
0.910670
0.909806
0.908941
0.908075
0.907207
0.906339
0.905471
0.904598
0.903725
0.902851
0.901974
0.901097
0.900218
0.899339
0.898459
0.897575
0.896688
0.895801
0.894912
0.894023
0.893133
0.892241
0.891348
0.890454
0.889559
0.888664
0.887767
0.886869
0.885971
0.885071
0.884169
0.883266
0.882362
0.881457
0.880552
0.879645
0.878734
0.877821
0.876909
0.875996
0.875082
0.874165
0.873247
0.872328
0.871407
0.870485
0.869562
0.868639
0.867715
0.866790
0.865865
0.864939
0.864011
0.863083
0.862153
0.861222
0.860288
0.859353
0.858416
0.857479
0.856540
0.855601
0.854660
0.853718
0.852774
0.851828
0.850880
0.849928
0.848974
0.848018
0.847061
0.846103
0.845143
0.844184
0.843217
0.842248
0.841278
0.840307
0.839337
0.838365
0.837390
0.836415
0.835439
0.834462
0.833484
0.832507
0.831524
0.830541
0.829556
0.828570
0.827583
0.826595
0.825607
0.824617
0.823627
0.822636
0.821643
0.820649
0.819654
0.818658
0.817659
0.816660
0.815660
0.814660
0.813656
0.812650
0.811643
0.810634
0.809625
0.808614
0.807602
0.806586
0.805569
0.804551
0.803533
0.802514
0.801493
0.800471
0.799448
0.798421
0.797394
0.796367
0.795337
0.794307
0.793274
0.792241
0.791205
0.790169
0.789131
0.788092
0.787053
0.786012
0.784967
0.783921
0.782874
0.781824
0.780775
0.779725
0.778675
0.777624
0.776570
0.775515
0.774456
0.773397
0.772333
0.771268
0.770201
0.769132
0.768061
0.766987
0.765913
0.764836
0.763758
0.762677
0.761595
0.760510
0.759424
0.758336
0.757247
0.756156
0.755062
0.753969
0.752872
0.751774
0.750676
0.749575
0.748474
0.747372
0.746267
0.745160
0.744052
0.742942
0.741829
0.740716
0.739601
0.738483
0.737364
0.736245
0.735124
0.734003
0.732882
0.731759
0.730635
0.729510
0.728383
0.727254
0.726123
0.724991
0.723857
0.722721
0.721585
0.720447
0.719308
0.718168
0.717026
0.715884
0.714738
0.713590
0.712440
0.711290
0.710139
0.708985
0.707830
0.706673
0.705516
0.704355
0.703194
0.702031
0.700864
0.699695
0.698522
0.697346
0.696166
0.694983
0.693800
0.692615
0.691429
0.690241
0.689053
0.687863
0.686670
0.685476
0.684278
0.683079
0.681877
0.680673
0.679466
0.678256
0.677044
0.675830
0.674615
0.673398
0.672178
0.670958
0.669737
0.668515
0.667292
0.666068
0.664842
0.663615
0.662385
0.661155
0.659921
0.658686
0.657446
0.656205
0.654961
0.653713
0.652464
0.651211
0.649955
0.648699
0.647442
0.646182
0.644921
0.643658
0.642390
0.641122
0.639852
0.638579
0.637305
0.636029
0.634749
0.633467
0.632183
0.630896
0.629608
0.628319
0.627027
0.625733
0.624437
0.623139
0.621840
0.620539
0.619233
0.617926
0.616619
0.615309
0.613996
0.612682
0.611365
0.610048
0.608728
0.607403
0.606077
0.604747
0.603417
0.602083
0.600750
0.599413
0.598075
0.596733
0.595388
0.594041
0.592691
0.591336
0.589977
0.588616
0.587251
0.585882
0.584512
0.583141
0.581764
0.580387
0.579009
0.577627
0.576244
0.574858
0.573470
0.572081
0.570690
0.569296
0.567900
0.566503
0.565099
0.563693
0.562286
0.560875
0.559463
0.558044
0.556623
0.555201
0.553773
0.552344
0.550912
0.549477
0.548041
0.546602
0.545161
0.543716
0.542270
0.540820
0.539369
0.537909
0.536442
0.534973
0.533500
0.532025
0.530545
0.529064
0.527583
0.526096
0.524609
0.523119
0.521626
0.520126
0.518623
0.517117
0.515611
0.514100
0.512589
0.511070
0.509552
0.508034
0.506515
0.504986
0.503456
0.501925
0.500390
0.498852
0.497312
0.495762
0.494213
0.492657
0.491100
0.489539
0.487975
0.486402
0.484828
0.483252
0.481671
0.480083
0.478494
0.476904
0.475311
0.473715
0.472115
0.470511
0.468901
0.467284
0.465664
0.464033
0.462400
0.460761
0.459121
0.457480
0.455832
0.454179
0.452521
0.450857
0.449191
0.447525
0.445856
0.444185
0.442510
0.440822
0.439131
0.437436
0.435736
0.434028
0.432314
0.430598
0.428874
0.427148
0.425417
0.423686
0.421951
0.420205
0.418457
0.416708
0.414943
0.413175
0.411402
0.409626
0.407846
0.406061
0.404268
0.402472
0.400670
0.398867
0.397055
0.395241
0.393419
0.391592
0.389762
0.387930
0.386094
0.384256
0.382404
0.380545
0.378685
0.376817
0.374943
0.373054
0.371162
0.369263
0.367361
0.365448
0.363531
0.361608
0.359675
0.357739
0.355796
0.353843
0.351880
0.349912
0.347938
0.345957
0.343968
0.341970
0.339962
0.337950
0.335931
0.333893
0.331851
0.329798
0.327734
0.325666
0.323586
0.321497
0.319398
0.317288
0.315150
0.313011
0.310870
0.308722
0.306552
0.304375
0.302195
0.300012
0.297804
0.295589
0.293369
0.291138
0.288896
0.286645
0.284385
0.282113
0.279828
0.277532
0.275218
0.272890
0.270552
0.268196
0.265821
0.263420
0.261017
0.258583
0.256123
0.253659
0.251186
0.248695
0.246184
0.243660
0.241128
0.238556
0.235984
0.233395
0.230768
0.228121
0.225457
0.222772
0.220051
0.217317
0.214565
0.211777
0.208980
0.206142
0.203287
0.200429
0.197551
0.194604
0.191640
0.188624
0.185569
0.182497
0.179410
0.176303
0.173116
0.169845
0.166562
0.163184
0.159752
0.156292
0.152780
0.149193
0.145601
0.141904
0.138081
0.134188
0.130046
0.125814
0.121412
0.116757
0.111487
0.105902
0.100000
